India_PINT.dat                                     AzFile = India_PINTorientaitionfile.az
LAT:  0.00  LON:   0.00 REC:   0 SAM:   0
!
!   ID     TREAT  IC CD    J    CDECL CINCL  GDECL GINCL  BDCEL BINCL  SUSC  V/M
!_______________________________________________________________________________
I92-2B       0.0  Cm  1 45.3572 193.9   4.0   24.7  59.9   24.7  59.9    0    .0
I92-3B       0.0  Cm  1 1029.28 282.8   9.7  100.4  -4.5  100.4  -4.5    0    .0
I92-5B       0.0  Cm  0 32.4530 260.0  73.0   17.0  53.4   17.0  53.4    0    .0
I92-8B       0.0  Cm  1 921.874  73.2  35.3  121.5  18.7  121.5  18.7    0    .0
I914-8B      0.0  Cm  1 12.5161 319.4  31.1  164.8  -7.9  164.8  -7.9    0    .0
I916-2B      0.0  Cm  0 1710.83 217.0  74.8  218.2  48.4  218.2  48.4    0    .0
I1510-6B     0.0  Cm  1 11.9085 333.4 -34.3   66.2 -67.4   66.2 -67.4    0    .0
I1512-2C     0.0  Cm  1 15.3586 327.1  43.6  352.3  28.8  352.3  28.8    0    .0
I1512-3B     0.0  Cm  0 26.7204 336.4  43.2   20.5  22.6   20.5  22.6    0    .0
I1530-3C     0.0  Cm  1 20.1953 326.6  16.1  336.9 -19.3  336.9 -19.3    0    .0
I1531-7D     0.0  Cm  0 31.8602 241.8 -71.0   36.2 -34.1   36.2 -34.1    0    .0
I527-1C      0.0  Cm  1 55.4803 170.5 -26.0  133.8  20.5  133.8  20.5    0    .0
I527-4C      0.0  Cm  2 94.7534 158.3  13.3  132.3  26.2  132.3  26.2    0    .0
I527-6C      0.0  Cm  1 135.519 158.8 -28.2  106.3  19.0  106.3  19.0    0    .0
I527-7B      0.0  Cm  1 95.6169 180.2 -42.5  125.2  19.5  125.2  19.5    0    .0
I527-8C      0.0  Cm  2 119.639 136.0  63.1  235.4  69.6  235.4  69.6    0    .0
I527-9C      0.0  Cm  1 119.470 170.5  38.5  233.2  70.5  233.2  70.5    0    .0
I527-10C     0.0  Cm  1 97.8226  75.7  57.8  191.3  55.1  191.3  55.1    0    .0
I531-1B      0.0  Cm  1 1355.04 307.8  40.1  298.7   3.9  298.7   3.9    0    .0
I531-2B      0.0  Cm  2 2013.50 274.7  -5.9  272.4  -7.5  272.4  -7.5    0    .0
I531-3B      0.0  Cm  1 2735.35 241.9  10.0  265.2  27.0  265.2  27.0    0    .0
I531-4B      0.0  Cm  1 200.765  16.3  -7.2   44.6 -37.6   44.6 -37.6    0    .0
I531-5C      0.0  Cm  1 117.235 253.4 -39.3   40.8 -31.8   40.8 -31.8    0    .0
I531-6B      0.0  Cm  1 257.146 173.5 -41.1   42.0 -35.1   42.0 -35.1    0    .0
I531-7B      0.0  Cm  1 4373.74  81.7 -21.8  135.8 -22.8  135.8 -22.8    0    .0
I531-8C      0.0  Cm  1 2274.88  62.9 -27.3  122.2 -34.7  122.2 -34.7    0    .0
I531-9B      0.0  Cm  1 5218.59 245.5 -30.1  138.2 -16.4  138.2 -16.4    0    .0
I92-2B     100.0  Cm  1 43.2553 195.0   3.6   26.4  59.2   26.4  59.2    0    .0
I92-5B     100.0  Cm  1 30.4997 256.5  73.6   17.6  54.6   17.6  54.6    0    .0
I914-8B    100.0  Cm  2 11.0042 323.1  19.4  162.0 -19.8  162.0 -19.8    0    .0
I1510-6B   100.0  Cm  1 12.5819 338.0 -31.4   78.7 -68.7   78.7 -68.7    0    .0
I1512-2C   100.0  Cm  0 13.2007 335.3  38.7  358.3  23.0  358.3  23.0    0    .0
I1512-3B   100.0  Cm  1 21.2756 349.2  36.3   30.0  14.6   30.0  14.6    0    .0
I1530-3C   100.0  Cm  1 19.1708 305.5  15.2  318.0 -10.4  318.0 -10.4    0    .0
I1531-7D   100.0  Cm  1 30.3914 284.5 -68.8   46.4 -46.3   46.4 -46.3    0    .0
I527-1C    100.0  Cm  0 60.8457 166.7 -25.4  130.2  20.6  130.2  20.6    0    .0
I527-4C    100.0  Cm  1 101.499 155.9   9.4  130.2  22.1  130.2  22.1    0    .0
I527-6C    100.0  Cm  1 142.342 162.1 -32.5  110.4  15.6  110.4  15.6    0    .0
I527-7B    100.0  Cm  0 105.281 179.3 -46.7  124.5  15.3  124.5  15.3    0    .0
I527-8C    100.0  Cm  1 112.815 127.0  56.2  231.0  61.6  231.0  61.6    0    .0
I527-9C    100.0  Cm  1 116.023 167.4  30.3  232.4  61.9  232.4  61.9    0    .0
I527-10C   100.0  Cm  1 93.3159  76.3  51.2  194.3  48.7  194.3  48.7    0    .0
I531-4B    100.0  Cm  1 197.964  19.7  -7.4   48.8 -37.1   48.8 -37.1    0    .0
I531-5C    100.0  Cm  2 116.354 256.0 -39.5   42.8 -32.7   42.8 -32.7    0    .0
I531-6B    100.0  Cm  1 254.760 176.1 -41.0   44.4 -35.1   44.4 -35.1    0    .0
I92-2B     100.1  Cm  1 42.5556 193.9  -0.9   21.0  55.4   21.0  55.4    0    .0
I92-5B     100.1  Cm  0 28.1653 256.0  72.5   15.9  54.5   15.9  54.5    0    .0
I914-8B    100.1  Cm  2 10.6014 319.8  16.3  157.4 -20.9  157.4 -20.9    0    .0
I1510-6B   100.1  Cm  0 16.2897 342.6 -47.3   28.8 -77.4   28.8 -77.4    0    .0
I1512-2C   100.1  Cm  1 11.7680 335.7  29.6  357.4  13.9  357.4  13.9    0    .0
I1512-3B   100.1  Cm  0 19.0929 349.3  23.8   29.2   2.1   29.2   2.1    0    .0
I1530-3C   100.1  Cm  1 19.0147 307.4  -0.1  310.6 -24.0  310.6 -24.0    0    .0
I1531-7D   100.1  Cm  1 33.8735 279.7 -69.5   45.0 -44.8   45.0 -44.8    0    .0
I527-1C    100.1  Cm  0 62.5686 169.2 -30.4  133.3  15.9  133.3  15.9    0    .0
I527-4C    100.1  Cm  1 101.816 158.9   3.6  134.0  16.6  134.0  16.6    0    .0
I527-6C    100.1  Cm  0 145.609 162.1 -34.8  110.9  13.4  110.9  13.4    0    .0
I527-7B    100.1  Cm  0 111.164 182.1 -47.9  126.4  14.1  126.4  14.1    0    .0
I527-8C    100.1  Cm  1 106.903 127.6  55.8  231.8  61.3  231.8  61.3    0    .0
I527-9C    100.1  Cm  1 113.147 170.1  28.6  238.1  60.8  238.1  60.8    0    .0
I527-10C   100.1  Cm  1 86.8136  75.0  47.1  194.2  44.5  194.2  44.5    0    .0
I531-4B    100.1  Cm  1 198.055  15.3  -7.4   43.4 -38.1   43.4 -38.1    0    .0
I531-5C    100.1  Cm  1 116.612 253.1 -39.3   40.5 -31.7   40.5 -31.7    0    .0
I531-6B    100.1  Cm  0 255.156 177.6 -41.2   45.8 -35.2   45.8 -35.2    0    .0
I92-2B     150.1  Cm  1 39.9242 196.2 -17.9   15.9  38.7   15.9  38.7    0    .0
I92-5B     150.1  Cm  1 15.9858 250.1  65.2    2.8  54.9    2.8  54.9    0    .0
I914-8B    150.1  Cm  2  9.5440 321.4  -2.8  146.9 -37.8  146.9 -37.8    0    .0
I1510-6B   150.1  Cm  0 23.0495 338.1 -59.8  352.3 -69.4  352.3 -69.4    0    .0
I1512-2C   150.1  Cm  1  9.7561 341.1   5.6  359.8 -10.5  359.8 -10.5    0    .0
I1512-3B   150.1  Cm  0 17.4657 351.9 -15.9   29.1 -37.6   29.1 -37.6    0    .0
I1530-3C   150.1  Cm  1 18.8484 300.9 -13.9  295.1 -30.8  295.1 -30.8    0    .0
I1531-7D   150.1  Cm  0 37.7606 273.6 -70.3   43.3 -42.9   43.3 -42.9    0    .0
I527-1C    150.1  Cm  0 66.8972 165.6 -32.9  130.7  13.0  130.7  13.0    0    .0
I527-4C    150.1  Cm  1 107.746 154.2  -4.4  130.0   8.2  130.0   8.2    0    .0
I527-6C    150.1  Cm  0 151.676 160.8 -38.4  110.8   9.7  110.8   9.7    0    .0
I527-7B    150.1  Cm  0 122.047 181.8 -53.7  126.1   8.3  126.1   8.3    0    .0
I527-8C    150.1  Cm  1 96.7986 126.9  50.9  233.9  56.5  233.9  56.5    0    .0
I527-9C    150.1  Cm  1 107.604 166.7  23.6  234.4  55.3  234.4  55.3    0    .0
I527-10C   150.1  Cm  1 77.6470  74.4  37.9  195.8  35.4  195.8  35.4    0    .0
I531-4B    150.1  Cm  1 190.702  13.9  -9.9   42.2 -40.7   42.2 -40.7    0    .0
I531-5C    150.1  Cm  1 112.678 251.9 -41.3   38.6 -33.3   38.6 -33.3    0    .0
I531-6B    150.1  Cm  0 243.427 171.6 -43.1   40.3 -37.2   40.3 -37.2    0    .0
I92-2B     150.0  Cm  0 37.3125 193.2  -5.9   17.2  51.0   17.2  51.0    0    .0
I92-5B     150.0  Cm  0 21.2623 242.3  72.1   14.5  58.6   14.5  58.6    0    .0
I914-8B    150.0  Cm  2  9.4269 318.3  -0.7  145.4 -34.3  145.4 -34.3    0    .0
I1510-6B   150.0  Cm  1 17.0135 343.5 -46.3   33.2 -78.2   33.2 -78.2    0    .0
I1512-2C   150.0  Cm  1  9.7734 342.4  18.6    2.4   2.4    2.4   2.4    0    .0
I1512-3B   150.0  Cm  0 16.7698 351.6   4.4   30.2 -17.4   30.2 -17.4    0    .0
I1530-3C   150.0  Cm  1 17.5549 304.0   0.5  307.9 -21.6  307.9 -21.6    0    .0
I1531-7D   150.0  Cm  0 32.7562 290.4 -68.5   47.2 -48.4   47.2 -48.4    0    .0
I527-1C    150.0  Cm  0 65.1965 167.3 -29.2  131.4  16.8  131.4  16.8    0    .0
I527-4C    150.0  Cm  1 106.970 156.4   0.3  131.8  13.1  131.8  13.1    0    .0
I527-6C    150.0  Cm  1 146.881 159.5 -37.9  109.7   9.9  109.7   9.9    0    .0
I527-7B    150.0  Cm  0 114.475 183.8 -49.6  127.5  12.3  127.5  12.3    0    .0
I527-8C    150.0  Cm  2 102.498 128.7  53.5  234.5  59.3  234.5  59.3    0    .0
I527-9C    150.0  Cm  1 109.478 167.1  25.5  234.2  57.2  234.2  57.2    0    .0
I527-10C   150.0  Cm  1 84.9781  72.7  43.0  193.1  40.2  193.1  40.2    0    .0
I531-4B    150.0  Cm  1 190.062  12.5  -8.2   40.1 -39.2   40.1 -39.2    0    .0
I531-5C    150.0  Cm  1 111.687 251.9 -40.9   38.8 -32.9   38.8 -32.9    0    .0
I531-6B    150.0  Cm  0 241.586 171.8 -43.0   40.5 -37.0   40.5 -37.0    0    .0
I92-2B     200.0  Cm  1 34.5163 195.2   1.8   25.1  57.4   25.1  57.4    0    .0
I92-5B     200.0  Cm  0 21.7774 229.2  68.8    8.6  63.3    8.6  63.3    0    .0
I914-8B    200.0  Cm  2 10.4162 319.9 -30.4  115.7 -56.0  115.7 -56.0    0    .0
I1510-6B   200.0  Cm  1 12.7063 348.2 -31.7   99.2 -74.6   99.2 -74.6    0    .0
I1512-2C   200.0  Cm  0  9.7058 347.9  22.0    7.8   5.4    7.8   5.4    0    .0
I1512-3B   200.0  Cm  0 15.6842 358.1  14.7   37.2  -7.3   37.2  -7.3    0    .0
I1530-3C   200.0  Cm  1 15.8560 307.2   3.3  312.5 -21.2  312.5 -21.2    0    .0
I1531-7D   200.0  Cm  1 28.9204 287.7 -71.9   42.0 -47.6   42.0 -47.6    0    .0
I527-1C    200.0  Cm  1 65.8885 163.2 -27.3  127.3  18.0  127.3  18.0    0    .0
I527-4C    200.0  Cm  1 111.727 155.6   1.6  130.8  14.3  130.8  14.3    0    .0
I527-6C    200.0  Cm  1 145.345 160.6 -36.2  110.1  11.8  110.1  11.8    0    .0
I527-7B    200.0  Cm  0 113.524 182.3 -48.6  126.6  13.4  126.6  13.4    0    .0
I527-8C    200.0  Cm  2 103.076 127.3  53.5  233.0  59.1  233.0  59.1    0    .0
I527-9C    200.0  Cm  1 105.496 165.9  26.7  231.6  58.0  231.6  58.0    0    .0
I527-10C   200.0  Cm  1 88.0365  65.7  43.3  186.4  39.6  186.4  39.6    0    .0
I531-4B    200.0  Cm  1 178.038  12.4  -9.4   40.2 -40.5   40.2 -40.5    0    .0
I531-5C    200.0  Cm  1 103.230 248.0 -42.6   34.8 -33.4   34.8 -33.4    0    .0
I531-6B    200.0  Cm  0 220.683 167.3 -43.8   36.4 -38.0   36.4 -38.0    0    .0
I92-2B     100.2  Cm  1 34.4482 196.4  -6.3   21.6  49.6   21.6  49.6    0    .0
I92-5B     100.2  Cm  0 19.3639 240.7  71.8   14.0  59.1   14.0  59.1    0    .0
I914-8B    100.2  Cm  1 10.3620 319.0 -32.1  112.4 -56.1  112.4 -56.1    0    .0
I1510-6B   100.2  Cm  0 18.2818 351.3 -49.1    6.4 -82.1    6.4 -82.1    0    .0
I1512-2C   100.2  Cm  1  8.6206 349.6   7.4    8.5  -9.3    8.5  -9.3    0    .0
I1512-3B   100.2  Cm  1 16.8049   0.5 -10.7   39.5 -32.7   39.5 -32.7    0    .0
I1530-3C   100.2  Cm  1 16.7585 306.2 -11.4  301.7 -32.3  301.7 -32.3    0    .0
I1531-7D   100.2  Cm  1 33.9317 295.9 -71.8   42.0 -50.2   42.0 -50.2    0    .0
I527-1C    100.2  Cm  0 68.8229 160.1 -32.1  125.8  12.7  125.8  12.7    0    .0
I527-4C    100.2  Cm  2 112.398 157.0  -4.3  132.8   8.6  132.8   8.6    0    .0
I527-6C    100.2  Cm  1 150.328 161.0 -38.9  111.1   9.2  111.1   9.2    0    .0
I527-7B    100.2  Cm  0 121.779 183.2 -52.5  127.0   9.4  127.0   9.4    0    .0
I527-8C    100.2  Cm  1 92.8613 123.3  50.4  230.2  55.3  230.2  55.3    0    .0
I527-9C    100.2  Cm  1 100.092 167.3  22.1  235.8  53.9  235.8  53.9    0    .0
I527-10C   100.2  Cm  1 77.6446  66.7  35.8  188.8  32.4  188.8  32.4    0    .0
I531-4B    100.2  Cm  1 178.314  10.0  -9.0   37.0 -40.4   37.0 -40.4    0    .0
I531-5C    100.2  Cm  1 103.786 248.8 -42.8   35.4 -33.7   35.4 -33.7    0    .0
I531-6B    100.2  Cm  0 221.682 168.7 -44.1   37.7 -38.2   37.7 -38.2    0    .0
I92-2B     200.1  Cm  1 35.7502 193.3 -19.2   12.1  38.2   12.1  38.2    0    .0
I92-5B     200.1  Cm  1 13.2012 238.4  62.6  355.8  59.3  355.8  59.3    0    .0
I914-8B    200.1  Cm  1 10.7599 319.1 -36.4  105.4 -58.1  105.4 -58.1    0    .0
I1510-6B   200.1  Cm  1 22.9780 345.9 -60.3  342.5 -71.7  342.5 -71.7    0    .0
I1512-2C   200.1  Cm  1  8.6617 351.1  -5.3    9.4 -22.1    9.4 -22.1    0    .0
I1512-3B   200.1  Cm  0 18.2503 359.3 -27.6   38.0 -49.6   38.0 -49.6    0    .0
I1530-3C   200.1  Cm  1 17.4287 306.2 -20.6  294.0 -39.1  294.0 -39.1    0    .0
I1531-7D   200.1  Cm  1 36.8402 298.1 -74.1   38.3 -50.5   38.3 -50.5    0    .0
I527-1C    200.1  Cm  0 70.1046 165.0 -38.7  131.2   7.2  131.2   7.2    0    .0
I527-4C    200.1  Cm  1 114.727 157.2  -6.5  133.2   6.4  133.2   6.4    0    .0
I527-6C    200.1  Cm  0 154.074 163.6 -40.4  113.4   8.3  113.4   8.3    0    .0
I527-7B    200.1  Cm  0 127.061 183.9 -54.8  127.3   7.2  127.3   7.2    0    .0
I527-8C    200.1  Cm  2 88.6405 128.7  48.1  237.2  54.1  237.2  54.1    0    .0
I527-9C    200.1  Cm  1 96.9584 163.7  19.6  231.3  50.7  231.3  50.7    0    .0
I527-10C   200.1  Cm  1 73.5630  68.1  32.1  190.8  28.9  190.8  28.9    0    .0
I531-4B    200.1  Cm  1 176.644  10.6 -10.9   38.2 -42.2   38.2 -42.2    0    .0
I531-5C    200.1  Cm  1 103.559 248.5 -43.0   35.1 -33.9   35.1 -33.9    0    .0
I531-6B    200.1  Cm  1 221.152 167.8 -44.6   36.9 -38.7   36.9 -38.7    0    .0
I92-2B     200.1  Cm  1 35.0600 196.9 -15.4   17.8  40.8   17.8  40.8    0    .0
I92-2B     200.1  Cm  1 35.0600 196.9 -15.4   17.8  40.8   17.8  40.8    0    .0
I92-2B     200.1  Cm  4 34.8923 190.9 -13.6   10.8  44.2   10.8  44.2    0    .0
I92-2B     200.1  Cm  1 35.0838 193.3 -14.9   13.5  42.3   13.5  42.3    0    .0
I92-5B     200.1  Cm  1 14.8867 247.2  65.6    2.9  56.2    2.9  56.2    0    .0
I914-8B    200.1  Cm  1 11.2231 320.6 -40.1   99.2 -60.5   99.2 -60.5    0    .0
I1510-6B   200.1  Cm  0 20.0084 349.4 -54.0  351.0 -77.9  351.0 -77.9    0    .0
I1512-2C   200.1  Cm  1  8.4594 347.3  -2.0    5.6 -18.6    5.6 -18.6    0    .0
I1512-3B   200.1  Cm  1 17.7194 359.4 -19.4   38.2 -41.4   38.2 -41.4    0    .0
I1530-3C   200.1  Cm  1 16.8273 306.8 -18.5  296.4 -38.0  296.4 -38.0    0    .0
I1531-7D   200.1  Cm  1 34.6931 297.6 -71.9   41.8 -50.7   41.8 -50.7    0    .0
I527-1C    200.1  Cm  0 69.4851 162.6 -32.2  127.9  13.2  127.9  13.2    0    .0
I527-4C    200.1  Cm  1 113.613 153.4  -3.5  129.1   9.0  129.1   9.0    0    .0
I527-6C    200.1  Cm  1 151.084 161.0 -38.8  111.1   9.3  111.1   9.3    0    .0
I527-6C    200.1  Cm  1 151.084 160.9 -38.8  111.0   9.3  111.0   9.3    0    .0
I527-7B    200.1  Cm  0 122.581 180.3 -49.5  125.2  12.5  125.2  12.5    0    .0
I527-8C    200.1  Cm  1 91.6611 120.1  52.5  225.7  56.8  225.7  56.8    0    .0
I527-9C    200.1  Cm  1 96.9786 164.3  22.7  230.9  53.8  230.9  53.8    0    .0
I527-10C   200.1  Cm  1 77.7329  63.5  36.9  185.6  33.0  185.6  33.0    0    .0
I531-4B    200.1  Cm  1 177.163   9.7 -12.2   37.2 -43.6   37.2 -43.6    0    .0
I531-5C    200.1  Cm  1 105.754 243.9 -45.2   30.4 -34.8   30.4 -34.8    0    .0
I531-5C    200.1  Cm  1 104.223 242.4 -44.4   29.5 -33.7   29.5 -33.7    0    .0
I531-6B    200.1  Cm  1 221.981 167.7 -43.3   36.7 -37.4   36.7 -37.4    0    .0
I531-6B    200.1  Cm  0 220.731 167.4 -45.6   36.6 -39.7   36.6 -39.7    0    .0
I92-2B     100.2  Cm  1 35.3667 196.2 -16.9   16.3  39.6   16.3  39.6    0    .0
I92-5B     100.2  Cm  1 14.0497 241.6  64.6    0.1  58.3    0.1  58.3    0    .0
I914-8B    100.2  Cm  1 11.3659 318.6 -39.3   99.8 -58.8   99.8 -58.8    0    .0
I1510-6B   100.2  Cm  0 23.1961 344.2 -57.8  349.9 -73.1  349.9 -73.1    0    .0
I1512-2C   100.2  Cm  1  8.3599 351.5 -10.4    9.6 -27.2    9.6 -27.2    0    .0
I1512-3B   100.2  Cm  1 19.2389   1.7 -28.1   41.3 -50.1   41.3 -50.1    0    .0
I1530-3C   100.2  Cm  1 17.6153 305.2 -20.9  292.9 -38.7  292.9 -38.7    0    .0
I1531-7D   100.2  Cm  0 36.4481 303.9 -71.6   41.6 -52.7   41.6 -52.7    0    .0
I527-1C    100.2  Cm  1 71.4410 164.9 -36.4  130.7   9.4  130.7   9.4    0    .0
I527-4C    100.2  Cm  1 114.769 152.5  -5.1  128.3   7.3  128.3   7.3    0    .0
I527-6C    100.2  Cm  1 154.303 160.1 -41.8  111.2   6.2  111.2   6.2    0    .0
I527-7B    100.2  Cm  0 128.976 184.4 -53.1  127.7   8.8  127.7   8.8    0    .0
I527-8C    100.2  Cm  1 86.5251 121.3  48.2  229.2  52.9  229.2  52.9    0    .0
I527-9C    100.2  Cm  1 95.2347 164.2  19.1  232.2  50.3  232.2  50.3    0    .0
I527-10C   100.2  Cm  1 72.6002  61.6  28.9  185.1  24.8  185.1  24.8    0    .0
I531-4B    100.2  Cm  1 177.281   9.4 -10.6   36.5 -42.0   36.5 -42.0    0    .0
I531-5C    100.2  Cm  1 104.143 243.2 -44.4   30.2 -33.8   30.2 -33.8    0    .0
I531-6B    100.2  Cm  1 221.871 168.3 -43.9   37.3 -38.0   37.3 -38.0    0    .0
I92-2B     200.1  Cm  1 35.4562 196.7 -19.8   15.7  36.7   15.7  36.7    0    .0
I92-5B     200.1  Cm  1 12.2118 246.5  60.9  354.7  55.2  354.7  55.2    0    .0
I914-8B    200.1  Cm  1 11.7729 318.7 -43.3   92.3 -59.9   92.3 -59.9    0    .0
I1510-6B   200.1  Cm  0 23.5745 345.7 -58.8  345.7 -72.8  345.7 -72.8    0    .0
I1512-2C   200.1  Cm  1  8.5346 350.4 -14.0    8.1 -30.8    8.1 -30.8    0    .0
I1512-3B   200.1  Cm  1 19.6259 357.8 -29.6   35.9 -51.5   35.9 -51.5    0    .0
I1530-3C   200.1  Cm  1 17.7005 307.8 -22.8  293.4 -41.7  293.4 -41.7    0    .0
I1531-7D   200.1  Cm  0 36.9552 300.8 -72.7   40.2 -51.5   40.2 -51.5    0    .0
I527-1C    200.1  Cm  1 70.7357 163.2 -37.0  129.5   8.5  129.5   8.5    0    .0
I527-4C    200.1  Cm  1 114.661 152.4  -5.2  128.3   7.2  128.3   7.2    0    .0
I527-6C    200.1  Cm  1 155.248 161.1 -40.9  111.7   7.3  111.7   7.3    0    .0
I527-7B    200.1  Cm  1 131.504 181.9 -51.9  126.2  10.1  126.2  10.1    0    .0
I527-8C    200.1  Cm  1 85.4812 116.2  47.4  224.1  51.2  224.1  51.2    0    .0
I527-9C    200.1  Cm  1 93.3136 164.1  20.6  231.5  51.8  231.5  51.8    0    .0
I527-10C   200.1  Cm  1 72.1588  60.8  27.6  184.5  23.5  184.5  23.5    0    .0
I531-4B    200.1  Cm  1 175.923  10.8 -12.3   38.6 -43.6   38.6 -43.6    0    .0
I531-5C    200.1  Cm  1 105.682 243.8 -46.7   29.6 -36.1   29.6 -36.1    0    .0
I531-6B    200.1  Cm  1 221.506 164.7 -44.8   34.1 -39.0   34.1 -39.0    0    .0
I92-2B     250.1  Cm  1 37.3604 195.7 -39.7    8.6  17.8    8.6  17.8    0    .0
I92-5B     250.1  Cm  1  5.9481 252.2 -19.2  290.6  -5.5  290.6  -5.5    0    .0
I914-8B    250.1  Cm  1 18.2453 320.1 -62.3   54.4 -59.0   54.4 -59.0    0    .0
I1510-6B   250.1  Cm  0 28.9256 351.3 -60.9  334.0 -72.3  334.0 -72.3    0    .0
I1512-2C   250.1  Cm  1  9.5811   0.9 -33.3   20.2 -50.3   20.2 -50.3    0    .0
I1512-3B   250.1  Cm  1 25.1544   2.0 -41.9   42.3 -63.9   42.3 -63.9    0    .0
I1530-3C   250.1  Cm  1 18.0280 312.5 -24.1  296.3 -45.7  296.3 -45.7    0    .0
I1531-7D   250.1  Cm  1 39.0179 313.5 -74.9   34.8 -54.1   34.8 -54.1    0    .0
I527-1C    250.1  Cm  1 73.4892 160.9 -37.7  127.8   7.4  127.8   7.4    0    .0
I527-4C    250.1  Cm  1 117.961 154.2 -10.7  130.7   2.0  130.7   2.0    0    .0
I527-6C    250.1  Cm  1 157.859 158.7 -43.4  110.6   4.4  110.6   4.4    0    .0
I527-7B    250.1  Cm  1 136.575 178.3 -56.8  124.1   5.2  124.1   5.2    0    .0
I527-8C    250.1  Cm  1 71.3531 110.9  41.4  221.0  44.5  221.0  44.5    0    .0
I527-9C    250.1  Cm  1 76.1061 161.7  12.1  231.2  42.9  231.2  42.9    0    .0
I527-10C   250.1  Cm  1 67.4449  52.5  12.2  178.4   7.3  178.4   7.3    0    .0
I531-4B    250.1  Cm  1 163.193   9.5 -13.9   37.1 -45.3   37.1 -45.3    0    .0
I531-5C    250.1  Cm  1 98.5625 244.0 -48.4   29.0 -37.8   29.0 -37.8    0    .0
I531-6B    250.1  Cm  1 204.599 161.1 -48.2   31.0 -42.5   31.0 -42.5    0    .0
I92-2B     250.0  Cm  1 28.5439 196.1 -16.9   16.2  39.7   16.2  39.7    0    .0
I92-5B     250.0  Cm  1  9.2374 245.5  56.8  347.7  54.1  347.7  54.1    0    .0
I914-8B    250.0  Cm  1 19.8203 317.8 -64.6   51.1 -57.2   51.1 -57.2    0    .0
I1510-6B   250.0  Cm  1 17.9594 354.4 -50.7  347.8 -82.3  347.8 -82.3    0    .0
I1512-2C   250.0  Cm  1  7.8442 358.2  -6.6   17.1 -23.6   17.1 -23.6    0    .0
I1512-3B   250.0  Cm  1 16.8773   6.2 -18.9   46.8 -40.8   46.8 -40.8    0    .0
I1530-3C   250.0  Cm  1 14.9071 308.1 -10.8  303.8 -33.0  303.8 -33.0    0    .0
I1531-7D   250.0  Cm  0 32.3305 308.4 -73.1   38.5 -53.5   38.5 -53.5    0    .0
I527-1C    250.0  Cm  1 71.6082 163.3 -35.3  129.2  10.2  129.2  10.2    0    .0
I527-4C    250.0  Cm  1 118.578 152.4  -4.7  128.3   7.7  128.3   7.7    0    .0
I527-6C    250.0  Cm  1 151.791 161.6 -39.4  111.8   8.8  111.8   8.8    0    .0
I527-7B    250.0  Cm  1 126.047 180.1 -50.9  125.1  11.1  125.1  11.1    0    .0
I527-8C    250.0  Cm  1 83.8834 113.0  48.5  220.3  51.7  220.3  51.7    0    .0
I527-9C    250.0  Cm  1 82.5177 159.6  21.2  224.8  51.2  224.8  51.2    0    .0
I527-10C   250.0  Cm  1 72.2743  51.2  30.4  175.0  25.2  175.0  25.2    0    .0
I531-4B    250.0  Cm  1 158.772   5.4 -12.5   31.4 -44.4   31.4 -44.4    0    .0
I531-5C    250.0  Cm  1 94.0936 239.4 -47.6   25.7 -35.9   25.7 -35.9    0    .0
I531-6B    250.0  Cm  1 196.643 159.1 -46.1   29.0 -40.4   29.0 -40.4    0    .0
I92-2B     300.0  Cm  1 17.7729 195.7  -8.0   19.6  48.2   19.6  48.2    0    .0
I92-5B     300.0  Cm  1  7.0435 265.9  67.8   10.2  49.9   10.2  49.9    0    .0
I914-8B    300.0  Cm  1 29.8083 318.8 -73.1   37.7 -53.4   37.7 -53.4    0    .0
I1510-6B   300.0  Cm  1 14.0762 354.5 -35.2  112.5 -80.3  112.5 -80.3    0    .0
I1512-2C   300.0  Cm  1  7.5918   3.5   9.4   22.4  -7.6   22.4  -7.6    0    .0
I1512-3B   300.0  Cm  1 16.5971   9.6  -3.7   49.6 -25.4   49.6 -25.4    0    .0
I1530-3C   300.0  Cm  1 13.9185 307.4  -7.8  305.4 -30.2  305.4 -30.2    0    .0
I1531-7D   300.0  Cm  0 28.4602 315.2 -72.5   38.1 -55.6   38.1 -55.6    0    .0
I527-1C    300.0  Cm  1 69.7183 167.3 -31.2  131.8  14.9  131.8  14.9    0    .0
I527-4C    300.0  Cm  1 118.540 153.0  -3.1  128.7   9.3  128.7   9.3    0    .0
I527-4C    300.0  Cm  1 118.540 153.0  -3.1  128.7   9.3  128.7   9.3    0    .0
I527-6C    300.0  Cm  1 148.789 163.0 -39.1  112.7   9.4  112.7   9.4    0    .0
I527-7B    300.0  Cm  0 121.524 181.4 -51.9  125.9  10.1  125.9  10.1    0    .0
I527-8C    300.0  Cm  1 79.9987 103.8  51.5  209.6  52.8  209.6  52.8    0    .0
I527-9C    300.0  Cm  1 72.2871 154.4  26.4  214.3  54.4  214.3  54.4    0    .0
I527-10C   300.0  Cm  1 74.3968  44.8  33.4  168.6  27.5  168.6  27.5    0    .0
I531-4B    300.0  Cm  1 142.821   2.4 -12.6   27.3 -44.6   27.3 -44.6    0    .0
I531-5C    300.0  Cm  1 82.1846 235.3 -52.3   20.6 -39.4   20.6 -39.4    0    .0
I531-6B    300.0  Cm  1 169.382 152.5 -47.9   23.2 -42.5   23.2 -42.5    0    .0
I92-2B     200.2  Cm  1 19.0759 197.5 -23.8   15.1  32.7   15.1  32.7    0    .0
I92-5B     200.2  Cm  1  4.3264 261.5  48.5  344.9  41.6  344.9  41.6    0    .0
I914-8B    200.2  Cm  1 30.0877 322.8 -74.1   35.2 -53.6   35.2 -53.6    0    .0
I1510-6B   200.2  Cm  0 24.8344 348.1 -57.6  344.5 -74.5  344.5 -74.5    0    .0
I1512-2C   200.2  Cm  1  9.5532   4.8 -26.3   24.9 -43.2   24.9 -43.2    0    .0
I1512-3B   200.2  Cm  1 21.5004   5.9 -35.0   47.9 -56.8   47.9 -56.8    0    .0
I1530-3C   200.2  Cm  1 16.6778 307.6 -31.5  284.2 -47.4  284.2 -47.4    0    .0
I1531-7D   200.2  Cm  0 37.5608 319.0 -76.5   31.2 -54.3   31.2 -54.3    0    .0
I527-1C    200.2  Cm  1 73.4243 158.1 -37.1  125.5   7.5  125.5   7.5    0    .0
I527-4C    200.2  Cm  1 119.823 152.6 -10.4  129.1   2.1  129.1   2.1    0    .0
I527-6C    200.2  Cm  1 157.503 161.2 -44.4  112.7   3.9  112.7   3.9    0    .0
I527-7B    200.2  Cm  0 136.875 179.9 -56.7  125.0   5.3  125.0   5.3    0    .0
I527-8C    200.2  Cm  1 65.1532 100.5  42.4  210.3  43.4  210.3  43.4    0    .0
I527-9C    200.2  Cm  1 62.4995 149.8  14.2  215.4  41.5  215.4  41.5    0    .0
I527-10C   200.2  Cm  1 64.9926  39.1  14.6  165.1   8.3  165.1   8.3    0    .0
I531-4B    200.2  Cm  1 143.499 358.4 -14.1   21.8 -46.1   21.8 -46.1    0    .0
I531-5C    200.2  Cm  1 84.1265 236.2 -52.9   21.0 -40.1   21.0 -40.1    0    .0
I531-6B    200.2  Cm  1 171.843 149.3 -49.8   20.5 -44.5   20.5 -44.5    0    .0
I92-2B     300.1  Cm  1 23.6106 199.0 -52.2    7.5   5.2    7.5   5.2    0    .0
I92-5B     300.1  Cm  1  6.9813 265.9 -68.8  258.4 -47.6  258.4 -47.6    0    .0
I914-8B    300.1  Cm  0 34.0181 320.8 -75.3   34.3 -52.5   34.3 -52.5    0    .0
I1510-6B   300.1  Cm  0 29.4373 349.7 -62.1  334.9 -70.9  334.9 -70.9    0    .0
I1512-2C   300.1  Cm  1 10.4734   4.6  46.5   22.6  29.5   22.6  29.5    0    .0
I1512-3B   300.1  Cm  1 26.4946   7.0 -47.3   52.3 -69.0   52.3 -69.0    0    .0
I1530-3C   300.1  Cm  1 18.0269 313.3 -35.3  283.8 -53.6  283.8 -53.6    0    .0
I1531-7D   300.1  Cm  0 38.7995 327.7 -76.3   29.0 -55.9   29.0 -55.9    0    .0
I527-1C    300.1  Cm  1 75.9500 157.5 -41.9  126.4   2.7  126.4   2.7    0    .0
I527-4C    300.1  Cm  1 124.511 151.5 -13.8  128.4  -1.4  128.4  -1.4    0    .0
I527-6C    300.1  Cm  1 160.904 163.6 -44.6  114.4   4.1  114.4   4.1    0    .0
I527-7B    300.1  Cm  1 140.316 184.7 -57.2  127.5   4.7  127.5   4.7    0    .0
I527-8C    300.1  Cm  1 56.8956 106.3  35.0  218.4  37.4  218.4  37.4    0    .0
I527-9C    300.1  Cm  1 61.5232 152.0   5.8  221.5  34.3  221.5  34.3    0    .0
I527-10C   300.1  Cm  1 62.9077  43.2   5.9  170.0   0.0  170.0   0.0    0    .0
I531-4B    300.1  Cm  1 141.785 358.5 -16.1   21.8 -48.0   21.8 -48.0    0    .0
I531-5C    300.1  Cm  1 85.0676 234.7 -55.3   18.8 -42.1   18.8 -42.1    0    .0
I531-6B    300.1  Cm  1 173.849 150.4 -51.6   21.7 -46.3   21.7 -46.3    0    .0
I92-2B     350.1  Cm  1 27.5174 204.2 -64.2    6.3  -7.1    6.3  -7.1    0    .0
I92-5B     350.1  Cm  0 11.5217 269.2 -77.0  247.3 -51.8  247.3 -51.8    0    .0
I914-8B    350.1  Cm  1 22.2498 323.2 -64.5   49.4 -59.4   49.4 -59.4    0    .0
I1510-6B   350.1  Cm  0 50.9732 347.1 -74.1  326.9 -59.3  326.9 -59.3    0    .0
I1512-2C   350.1  Cm  0 22.1974  17.5 -74.2  131.3 -84.9  131.3 -84.9    0    .0
I1512-3B   350.1  Cm  0 62.2719 356.1 -70.9  243.1 -86.8  243.1 -86.8    0    .0
I1530-3C   350.1  Cm  1 25.3451 309.4 -53.5  251.7 -58.2  251.7 -58.2    0    .0
I1531-7D   350.1  Cm  0 51.7546 322.5 -80.2   25.8 -52.4   25.8 -52.4    0    .0
I527-1C    350.1  Cm  1 84.4280 162.9 -47.5  131.5  -1.7  131.5  -1.7    0    .0
I527-4C    350.1  Cm  1 144.870 149.1 -28.5  127.9 -16.3  127.9 -16.3    0    .0
I527-6C    350.1  Cm  1 173.697 160.7 -49.6  113.6  -1.2  113.6  -1.2    0    .0
I527-7B    350.1  Cm  1 174.000 181.5 -64.7  125.6  -2.7  125.6  -2.7    0    .0
I527-8C    350.1  Cm  1 68.3549  99.3 -56.2  234.2 -53.0  234.2 -53.0    0    .0
I527-9C    350.1  Cm  0 127.398 148.6 -66.7  241.2 -35.9  241.2 -35.9    0    .0
I527-10C   350.1  Cm  1 128.214  33.1 -64.8  172.6 -71.0  172.6 -71.0    0    .0
I531-4B    350.1  Cm  1 160.822 354.3 -39.5   10.2 -71.1   10.2 -71.1    0    .0
I531-5C    350.1  Cm  0 138.068 228.8 -71.6    5.1 -56.0    5.1 -56.0    0    .0
I531-6B    350.1  Cm  0 250.849 139.6 -67.5   15.3 -62.7   15.3 -62.7    0    .0
I92-2B     350.0  Cm  1 19.5759 201.5 -55.1    8.1   2.0    8.1   2.0    0    .0
I92-5B     350.0  Cm  0  6.2809 253.9 -71.8  251.5 -45.9  251.5 -45.9    0    .0
I914-8B    350.0  Cm  1 20.6451 323.4 -63.6   50.9 -59.8   50.9 -59.8    0    .0
I1510-6B   350.0  Cm  0 21.6534 351.6 -60.4  334.2 -72.8  334.2 -72.8    0    .0
I1512-2C   350.0  Cm  1  8.7646  12.3 -28.9   34.4 -45.4   34.4 -45.4    0    .0
I1512-3B   350.0  Cm  1 24.0053   7.7 -47.4   53.7 -69.0   53.7 -69.0    0    .0
I1530-3C   350.0  Cm  1 14.4035 309.4 -24.9  292.7 -44.3  292.7 -44.3    0    .0
I1531-7D   350.0  Cm  0 32.7728 332.8 -72.9   31.3 -59.4   31.3 -59.4    0    .0
I527-1C    350.0  Cm  1 73.5723 160.0 -33.8  126.2  11.0  126.2  11.0    0    .0
I527-4C    350.0  Cm  1 126.661 148.2  -9.0  124.6   2.9  124.6   2.9    0    .0
I527-6C    350.0  Cm  1 155.586 162.5 -42.8  113.2   5.7  113.2   5.7    0    .0
I527-7B    350.0  Cm  1 136.156 183.0 -55.7  126.7   6.3  126.7   6.3    0    .0
I527-8C    350.0  Cm  1 51.0448  92.9  41.6  203.2  41.2  203.2  41.2    0    .0
I527-9C    350.0  Cm  1 51.9092 147.7   4.6  217.2  31.7  217.2  31.7    0    .0
I527-10C   350.0  Cm  1 59.5476  26.1   1.9  153.2  -5.3  153.2  -5.3    0    .0
I531-4B    350.0  Cm  1 129.700 352.0 -17.9   12.2 -49.5   12.2 -49.5    0    .0
I531-5C    350.0  Cm  1 77.0642 223.4 -57.0   10.1 -41.6   10.1 -41.6    0    .0
I531-6B    350.0  Cm  1 157.650 139.5 -52.8   12.0 -48.0   12.0 -48.0    0    .0
I92-2B     400.0  Cm  1 15.9492 197.3 -49.2    7.3   8.3    7.3   8.3    0    .0
I92-5B     400.0  Cm  1  4.1563 252.4 -66.8  256.5 -42.4  256.5 -42.4    0    .0
I914-8B    400.0  Cm  1 25.6771 325.8 -69.2   40.8 -57.5   40.8 -57.5    0    .0
I1510-6B   400.0  Cm  1 14.2736 349.3 -42.3   58.7 -82.0   58.7 -82.0    0    .0
I1512-2C   400.0  Cm  1  7.6792  13.0  -8.3   33.2 -24.9   33.2 -24.9    0    .0
I1512-3B   400.0  Cm  1 18.6113  12.6 -24.2   55.5 -45.6   55.5 -45.6    0    .0
I1530-3C   400.0  Cm  1 12.5415 309.6 -11.7  304.4 -34.6  304.4 -34.6    0    .0
I527-1C    400.0  Cm  1 71.3183 158.2 -35.9  125.3   8.6  125.3   8.6    0    .0
I1531-7D   400.0  Cm  0 27.7853 346.0 -74.3   23.5 -60.0   23.5 -60.0    0    .0
I527-4C    400.0  Cm  1 123.564 150.7  -6.2  126.7   6.0  126.7   6.0    0    .0
I527-6C    400.0  Cm  1 150.772 161.1 -41.8  111.9   6.4  111.9   6.4    0    .0
I527-7B    400.0  Cm  1 128.507 183.4 -53.8  127.0   8.1  127.0   8.1    0    .0
I527-8C    400.0  Cm  1 54.0508  80.6  50.2  188.5  47.3  188.5  47.3    0    .0
I527-9C    400.0  Cm  1 46.7400 141.6  21.5  201.5  44.8  201.5  44.8    0    .0
I527-10C   400.0  Cm  1 67.5611  16.8  18.8  143.2  11.2  143.2  11.2    0    .0
I531-4B    400.0  Cm  1 119.762 344.7 -17.1    2.1 -47.5    2.1 -47.5    0    .0
I531-5C    400.0  Cm  1 69.6589 217.3 -58.5    5.3 -42.1    5.3 -42.1    0    .0
I531-6B    400.0  Cm  1 139.310 133.2 -51.3    6.0 -47.0    6.0 -47.0    0    .0
I92-2B     300.2  Cm  1 19.0975 198.1 -57.4    5.6   0.3    5.6   0.3    0    .0
I92-5B     300.2  Cm  0  6.0296 255.0 -74.4  248.6 -47.6  248.6 -47.6    0    .0
I914-8B    300.2  Cm  1 26.5700 323.9 -70.1   40.2 -56.4   40.2 -56.4    0    .0
I1510-6B   300.2  Cm  0 34.2784 348.6 -70.8  328.2 -62.6  328.2 -62.6    0    .0
I1512-2C   300.2  Cm  1 13.2730  17.8 -55.0   50.8 -70.5   50.8 -70.5    0    .0
I1512-3B   300.2  Cm  1 33.0006  12.3 -60.1   78.8 -80.5   78.8 -80.5    0    .0
I1530-3C   300.2  Cm  1 20.0512 317.7 -50.6  259.6 -62.7  259.6 -62.7    0    .0
I527-1C    300.2  Cm  1 79.1238 159.2 -44.0  128.2   1.1  128.2   1.1    0    .0
I1531-7D   300.2  Cm  0 41.3962 338.1 -79.0   23.1 -55.0   23.1 -55.0    0    .0
I527-4C    300.2  Cm  1 133.108 150.9 -17.4  128.2  -5.1  128.2  -5.1    0    .0
I527-6C    300.2  Cm  1 167.102 163.1 -47.3  114.6   1.4  114.6   1.4    0    .0
I527-7B    300.2  Cm  1 154.033 179.6 -61.4  124.8   0.6  124.8   0.6    0    .0
I527-8C    300.2  Cm  1 31.8764  77.3  10.3  195.6   7.7  195.6   7.7    0    .0
I527-9C    300.2  Cm  1 42.9046 143.5 -17.2  220.8   9.8  220.8   9.8    0    .0
I527-10C   300.2  Cm  1 65.3532  17.2 -24.3  145.5 -31.9  145.5 -31.9    0    .0
I531-4B    300.2  Cm  1 122.261 344.0 -22.2  359.3 -52.4  359.3 -52.4    0    .0
I531-5C    300.2  Cm  1 76.8953 216.1 -62.2    3.1 -45.6    3.1 -45.6    0    .0
I531-6B    300.2  Cm  1 151.852 130.0 -55.2    3.9 -51.1    3.9 -51.1    0    .0
I92-2B     400.1  Cm  0 25.2979 200.8 -66.9    4.1  -9.2    4.1  -9.2    0    .0
I92-5B     400.1  Cm  0 10.7412 252.5 -81.8  238.4 -50.9  238.4 -50.9    0    .0
I914-8B    400.1  Cm  0 30.8135 323.0 -73.3   36.2 -54.2   36.2 -54.2    0    .0
I1510-6B   400.1  Cm  0 62.1869 351.7 -78.8  322.8 -55.1  322.8 -55.1    0    .0
I1512-2C   400.1  Cm  0 27.6303  28.5 -77.2  152.0 -81.7  152.0 -81.7    0    .0
I1512-3B   400.1  Cm  0 69.3354 356.9 -74.9  225.6 -83.0  225.6 -83.0    0    .0
I1530-3C   400.1  Cm  1 29.4713 318.0 -63.6  231.0 -62.5  231.0 -62.5    0    .0
I527-1C    400.1  Cm  1 87.3808 157.5 -52.3  129.3  -7.3  129.3  -7.3    0    .0
I1531-7D   400.1  Cm  0 57.3543 343.2 -83.8   18.9 -50.9   18.9 -50.9    0    .0
I527-4C    400.1  Cm  1 148.877 150.0 -31.0  129.1 -18.7  129.1 -18.7    0    .0
I527-6C    400.1  Cm  1 180.967 166.7 -50.8  117.6  -1.6  117.6  -1.6    0    .0
I527-7B    400.1  Cm  0 182.419 184.9 -67.1  126.9  -5.2  126.9  -5.2    0    .0
I527-8C    400.1  Cm  1 73.8303  69.4 -68.3  218.1 -69.5  218.1 -69.5    0    .0
I527-9C    400.1  Cm  0 118.632 145.9 -77.2  245.7 -45.8  245.7 -45.8    0    .0
I527-10C   400.1  Cm  0 135.006   4.1 -64.9  133.0 -72.9  133.0 -72.9    0    .0
I531-4B    400.1  Cm  1 147.020 342.0 -40.0  343.5 -68.6  343.5 -68.6    0    .0
I531-5C    400.1  Cm  0 122.204 218.2 -74.0  358.3 -56.9  358.3 -56.9    0    .0
I531-6B    400.1  Cm  0 220.239 129.9 -68.1    7.4 -63.8    7.4 -63.8    0    .0
I92-2B     435.1  Cm  0 29.6330 200.9 -70.5    3.0 -12.6    3.0 -12.6    0    .0
I92-5B     435.1  Cm  0 13.4693 245.8 -82.8  236.3 -50.6  236.3 -50.6    0    .0
I914-8B    435.1  Cm  0 34.9589 324.7 -75.9   32.5 -52.8   32.5 -52.8    0    .0
I1510-6B   435.1  Cm  0 67.4744 341.2 -81.7  324.3 -51.8  324.3 -51.8    0    .0
I1512-2C   435.1  Cm  0 31.9135  47.8 -74.2  136.7 -76.8  136.7 -76.8    0    .0
I1512-3B   435.1  Cm  0 77.4760  24.2 -76.7  190.2 -78.8  190.2 -78.8    0    .0
I1530-3C   435.1  Cm  1 33.8156 328.9 -65.7  222.5 -65.9  222.5 -65.9    0    .0
I527-1C    435.1  Cm  1 88.7312 164.3 -52.2  133.4  -6.1  133.4  -6.1    0    .0
I1531-7D   435.1  Cm  0 59.5638 348.3 -80.9   19.1 -53.8   19.1 -53.8    0    .0
I527-4C    435.1  Cm  1 150.210 151.0 -31.0  130.0 -18.6  130.0 -18.6    0    .0
I527-6C    435.1  Cm  1 185.534 165.1 -53.7  117.2  -4.6  117.2  -4.6    0    .0
I527-7B    435.1  Cm  1 189.787 183.2 -67.1  126.2  -5.1  126.2  -5.1    0    .0
I527-8C    435.1  Cm  1 79.4977  65.4 -70.1  217.4 -71.8  217.4 -71.8    0    .0
I527-9C    435.1  Cm  0 114.651 130.2 -77.9  242.1 -48.3  242.1 -48.3    0    .0
I527-10C   435.1  Cm  0 139.063   4.8 -64.5  133.9 -72.4  133.9 -72.4    0    .0
I531-4B    435.1  Cm  1 145.967 337.7 -43.8  330.0 -70.2  330.0 -70.2    0    .0
I531-5C    435.1  Cm  0 119.012 218.1 -73.4  358.6 -56.4  358.6 -56.4    0    .0
I531-6B    435.1  Cm  0 215.985 121.3 -68.7    0.6 -65.1    0.6 -65.1    0    .0
I92-2B     435.0  Cm  1 17.2268 198.1 -57.8    5.5  -0.1    5.5  -0.1    0    .0
I92-5B     435.0  Cm  0  6.0033 253.9 -77.2  244.9 -48.8  244.9 -48.8    0    .0
I914-8B    435.0  Cm  0 32.9603 325.2 -76.4   31.7 -52.5   31.7 -52.5    0    .0
I1510-6B   435.0  Cm  0 21.9306 356.9 -60.7  325.3 -73.2  325.3 -73.2    0    .0
I1512-2C   435.0  Cm  1 11.2854  29.4 -50.3   64.5 -63.9   64.5 -63.9    0    .0
I1512-3B   435.0  Cm  1 26.3891  20.2 -46.7   75.1 -66.3   75.1 -66.3    0    .0
I1530-3C   435.0  Cm  1 13.7042 317.6 -31.9  292.2 -54.3  292.2 -54.3    0    .0
I527-1C    435.0  Cm  1 73.6842 160.4 -34.7  126.7  10.2  126.7  10.2    0    .0
I1531-7D   435.0  Cm  0 32.3747   3.4 -77.1   14.6 -57.9   14.6 -57.9    0    .0
I527-4C    435.0  Cm  1 126.223 151.7 -10.4  128.2   2.0  128.2   2.0    0    .0
I527-6C    435.0  Cm  1 155.372 164.2 -44.1  114.7   4.7  114.7   4.7    0    .0
I527-7B    435.0  Cm  0 135.752 181.3 -56.0  125.8   6.0  125.8   6.0    0    .0
I527-8C    435.0  Cm  1 35.1476  54.4  28.9  170.2  22.1  170.2  22.1    0    .0
I527-9C    435.0  Cm  1 30.5174 129.8 -10.7  205.8  10.8  205.8  10.8    0    .0
I527-10C   435.0  Cm  1 69.6293   5.8  -9.3  133.0 -17.3  133.0 -17.3    0    .0
I531-4B    435.0  Cm  1 112.833 336.9 -26.2  346.9 -54.3  346.9 -54.3    0    .0
I531-5C    435.0  Cm  0 68.9259 207.0 -63.3  356.9 -45.6  356.9 -45.6    0    .0
I531-6B    435.0  Cm  1 138.005 117.1 -55.8  352.3 -52.7  352.3 -52.7    0    .0
I92-2B     470.0  Cm  1 14.6677 199.6 -53.0    7.7   4.2    7.7   4.2    0    .0
I92-5B     470.0  Cm  1  4.4546 253.9 -73.9  249.0 -47.1  249.0 -47.1    0    .0
I914-8B    470.0  Cm  1 34.2900 320.8 -76.6   32.7 -51.7   32.7 -51.7    0    .0
I1510-6B   470.0  Cm  1 15.3437 352.8 -52.1  348.2 -80.6  348.2 -80.6    0    .0
I1512-2C   470.0  Cm  1  8.8966  26.0 -30.0   51.3 -44.9   51.3 -44.9    0    .0
I1512-3B   470.0  Cm  1 21.2303  22.8 -37.3   73.3 -56.8   73.3 -56.8    0    .0
I1530-3C   470.0  Cm  1 12.1508 314.2 -22.8  299.3 -45.9  299.3 -45.9    0    .0
I527-1C    470.0  Cm  1 70.9265 159.2 -37.1  126.4   7.7  126.4   7.7    0    .0
I1531-7D   470.0  Cm  0 28.6869   0.0 -76.9   16.0 -58.1   16.0 -58.1    0    .0
I527-4C    470.0  Cm  1 123.467 149.6  -9.5  126.1   2.6  126.1   2.6    0    .0
I527-6C    470.0  Cm  1 148.352 163.7 -42.6  114.0   6.1  114.0   6.1    0    .0
I527-7B    470.0  Cm  0 126.406 183.7 -55.4  127.1   6.5  127.1   6.5    0    .0
I527-8C    470.0  Cm  1 39.8060  39.6  40.1  154.8  31.4  154.8  31.4    0    .0
I527-9C    470.0  Cm  1 27.5085 115.3  16.5  178.4  27.5  178.4  27.5    0    .0
I527-10C   470.0  Cm  1 73.4396 358.7   5.0  125.7  -3.0  125.7  -3.0    0    .0
I531-4B    470.0  Cm  1 103.851 335.5 -23.4  346.6 -51.2  346.6 -51.2    0    .0
I531-5C    470.0  Cm  0 60.8310 199.6 -63.0  352.4 -44.6  352.4 -44.6    0    .0
I531-6B    470.0  Cm  1 121.875 112.5 -51.9  347.1 -49.3  347.1 -49.3    0    .0
I92-2B     400.2  Cm  0 22.5544 197.8 -67.7    2.8  -9.7    2.8  -9.7    0    .0
I92-5B     400.2  Cm  0  8.3891 250.7 -81.7  238.4 -50.6  238.4 -50.6    0    .0
I914-8B    400.2  Cm  0 39.4090 325.7 -79.6   28.2 -50.3   28.2 -50.3    0    .0
I1510-6B   400.2  Cm  0 52.3529 347.2 -84.5  321.9 -49.4  321.9 -49.4    0    .0
I1512-2C   400.2  Cm  0 26.9076  24.6 -74.7  134.3 -83.0  134.3 -83.0    0    .0
I1512-3B   400.2  Cm  0 63.3609  31.7 -78.4  192.3 -76.5  192.3 -76.5    0    .0
I1530-3C   400.2  Cm  1 27.8139 324.2 -59.0  239.9 -66.4  239.9 -66.4    0    .0
I527-1C    400.2  Cm  1 87.5237 153.1 -49.9  125.9  -5.8  125.9  -5.8    0    .0
I1531-7D   400.2  Cm  0 51.0748   5.8 -81.2   14.5 -53.8   14.5 -53.8    0    .0
I527-4C    400.2  Cm  1 152.027 151.8 -28.7  130.4 -16.2  130.4 -16.2    0    .0
I527-6C    400.2  Cm  1 180.110 162.7 -50.3  115.1  -1.6  115.1  -1.6    0    .0
I527-7B    400.2  Cm  0 180.762 181.9 -62.7  125.9  -0.8  125.9  -0.8    0    .0
I527-8C    400.2  Cm  1 73.5803  23.5 -76.6  196.0 -84.5  196.0 -84.5    0    .0
I527-9C    400.2  Cm  0 107.025 130.1 -80.0  244.1 -49.9  244.1 -49.9    0    .0
I527-10C   400.2  Cm  0 133.981 351.5 -60.1  115.6 -68.0  115.6 -68.0    0    .0
I531-4B    400.2  Cm  1 132.975 329.8 -43.3  318.9 -66.2  318.9 -66.2    0    .0
I531-5C    400.2  Cm  0 109.712 205.8 -75.0  351.9 -56.9  351.9 -56.9    0    .0
I531-6B    400.2  Cm  0 189.540 117.6 -68.1  357.2 -64.8  357.2 -64.8    0    .0
I92-2B     470.1  Cm  0 29.4625 201.2 -71.6    2.7 -13.7    2.7 -13.7    0    .0
I92-5B     470.1  Cm  0 13.7067 250.0 -82.5  237.3 -50.9  237.3 -50.9    0    .0
I914-8B    470.1  Cm  0 41.0833 324.3 -79.6   28.5 -50.1   28.5 -50.1    0    .0
I1510-6B   470.1  Cm  0 67.5725  11.0 -77.2  315.6 -56.5  315.6 -56.5    0    .0
I1512-2C   470.1  Cm  0 34.2069  57.6 -73.4  138.1 -74.0  138.1 -74.0    0    .0
I1512-3B   470.1  Cm  0 76.8434  25.0 -75.9  185.9 -79.1  185.9 -79.1    0    .0
I1530-3C   470.1  Cm  0 33.8568 324.1 -70.4  215.7 -61.9  215.7 -61.9    0    .0
I527-1C    470.1  Cm  1 89.9375 157.5 -48.1  128.2  -3.2  128.2  -3.2    0    .0
I1531-7D   470.1  Cm  0 57.4309   0.7 -79.6   15.8 -55.4   15.8 -55.4    0    .0
I527-4C    470.1  Cm  1 149.091 150.6 -33.5  130.0 -21.1  130.0 -21.1    0    .0
I527-6C    470.1  Cm  0 183.992 163.4 -52.8  116.0  -3.9  116.0  -3.9    0    .0
I527-7B    470.1  Cm  0 181.496 181.2 -63.8  125.5  -1.8  125.5  -1.8    0    .0
I527-8C    470.1  Cm  1 79.9635  13.4 -74.3  160.0 -84.4  160.0 -84.4    0    .0
I527-9C    470.1  Cm  0 101.769 104.1 -80.7  240.7 -53.7  240.7 -53.7    0    .0
I527-10C   470.1  Cm  0 135.933 347.9 -61.3  110.6 -69.1  110.6 -69.1    0    .0
I531-4B    470.1  Cm  1 137.399 329.3 -46.5  312.5 -68.2  312.5 -68.2    0    .0
I531-5C    470.1  Cm  0 110.452 203.4 -76.1  350.3 -57.7  350.3 -57.7    0    .0
I531-6B    470.1  Cm  1 195.916 109.9 -70.4  352.0 -67.7  352.0 -67.7    0    .0
I92-2B     505.1  Cm  1 40.8581 200.2 -78.1    0.3 -19.7    0.3 -19.7    0    .0
I92-5B     505.1  Cm  0 21.0552 258.5 -83.4  236.6 -52.2  236.6 -52.2    0    .0
I914-8B    505.1  Cm  0 42.5722 322.2 -82.5   25.8 -47.7   25.8 -47.7    0    .0
I1510-6B   505.1  Cm  0 92.2657 343.9 -83.7  322.7 -50.1  322.7 -50.1    0    .0
I1512-2C   505.1  Cm  0 47.5676  67.4 -79.5  161.7 -73.9  161.7 -73.9    0    .0
I1512-3B   505.1  Cm  0 106.068   4.7 -84.0  217.2 -74.0  217.2 -74.0    0    .0
I1530-3C   505.1  Cm  0 48.0089 325.1 -81.3  199.6 -54.8  199.6 -54.8    0    .0
I527-1C    505.1  Cm  1 95.8120 158.2 -55.1  130.6  -9.8  130.6  -9.8    0    .0
I1531-7D   505.1  Cm  0 68.7923   6.8 -80.6   14.1 -54.3   14.1 -54.3    0    .0
I527-4C    505.1  Cm  1 162.823 150.3 -37.4  130.3 -24.9  130.3 -24.9    0    .0
I527-6C    505.1  Cm  0 200.074 164.3 -56.4  117.3  -7.3  117.3  -7.3    0    .0
I527-7B    505.1  Cm  0 204.071 182.7 -68.2  126.0  -6.2  126.0  -6.2    0    .0
I527-8C    505.1  Cm  0 111.574 353.2 -77.4   75.9 -87.9   75.9 -87.9    0    .0
I527-9C    505.1  Cm  1 114.960  73.5 -82.1  241.3 -58.4  241.3 -58.4    0    .0
I527-10C   505.1  Cm  0 169.732 348.2 -65.4  109.9 -73.2  109.9 -73.2    0    .0
I531-4B    505.1  Cm  1 151.793 326.5 -54.4  290.5 -71.2  290.5 -71.2    0    .0
I531-5C    505.1  Cm  0 120.103 194.8 -76.5  346.4 -57.7  346.4 -57.7    0    .0
I531-6B    505.1  Cm  0 215.764 107.6 -71.7  350.9 -69.1  350.9 -69.1    0    .0
I92-2B     505.0  Cm  0 17.7053 198.6 -65.2    3.8  -7.2    3.8  -7.2    0    .0
I92-5B     505.0  Cm  0  7.7811 257.0 -81.6  239.2 -51.4  239.2 -51.4    0    .0
I914-8B    505.0  Cm  0 36.5861 318.4 -82.3   26.6 -47.5   26.6 -47.5    0    .0
I1510-6B   505.0  Cm  0 25.0887 348.2 -65.6  332.7 -67.4  332.7 -67.4    0    .0
I1512-2C   505.0  Cm  1 14.3865  34.5 -64.4   91.6 -75.1   91.6 -75.1    0    .0
I1512-3B   505.0  Cm  1 31.6351  21.6 -59.4   97.1 -77.2   97.1 -77.2    0    .0
I1530-3C   505.0  Cm  1 13.5111 319.4 -42.4  276.9 -61.2  276.9 -61.2    0    .0
I527-1C    505.0  Cm  1 72.4591 153.9 -41.0  123.6   2.8  123.6   2.8    0    .0
I1531-7D   505.0  Cm  0 33.2068   0.1 -76.3   15.9 -58.7   15.9 -58.7    0    .0
I527-4C    505.0  Cm  1 123.704 148.6 -11.4  125.3   0.7  125.3   0.7    0    .0
I527-6C    505.0  Cm  1 148.735 164.6 -46.1  115.3   2.8  115.3   2.8    0    .0
I527-7B    505.0  Cm  1 132.817 177.5 -57.3  123.6   4.7  123.6   4.7    0    .0
I527-8C    505.0  Cm  1 35.6853   8.9  -7.6  129.3 -18.5  129.3 -18.5    0    .0
I527-9C    505.0  Cm  1 24.6049  80.9 -28.3  175.3 -28.3  175.3 -28.3    0    .0
I527-10C   505.0  Cm  1 83.5111 347.7 -18.9  114.0 -26.7  114.0 -26.7    0    .0
I531-4B    505.0  Cm  1 102.352 323.8 -34.2  322.8 -56.2  322.8 -56.2    0    .0
I531-5C    505.0  Cm  0 66.0157 183.7 -66.0  342.2 -47.0  342.2 -47.0    0    .0
I531-6B    505.0  Cm  1 127.477 103.3 -58.1  340.2 -56.2  340.2 -56.2    0    .0
I92-2B     520.0  Cm  0 15.1419 195.8 -60.8    3.7  -2.7    3.7  -2.7    0    .0
I92-5B     520.0  Cm  0  6.2676 244.4 -80.2  239.5 -49.0  239.5 -49.0    0    .0
I914-8B    520.0  Cm  0 34.6127 301.4 -83.6   26.8 -45.1   26.8 -45.1    0    .0
I1510-6B   520.0  Cm  0 18.7596 344.9 -62.6  340.0 -69.4  340.0 -69.4    0    .0
I1512-2C   520.0  Cm  1 11.3553  28.4 -56.7   69.2 -70.2   69.2 -70.2    0    .0
I1512-3B   520.0  Cm  1 25.3043  19.1 -53.5   80.6 -72.9   80.6 -72.9    0    .0
I1530-3C   520.0  Cm  1 11.9101 312.0 -33.8  284.8 -51.7  284.8 -51.7    0    .0
I527-1C    520.0  Cm  1 67.3973 157.1 -38.7  125.2   5.7  125.2   5.7    0    .0
I1531-7D   520.0  Cm  0 29.4540  13.7 -76.0    9.7 -58.4    9.7 -58.4    0    .0
I527-4C    520.0  Cm  1 117.578 147.2 -11.0  123.8   0.8  123.8   0.8    0    .0
I527-6C    520.0  Cm  1 139.287 164.1 -43.9  114.6   4.9  114.6   4.9    0    .0
I527-7B    520.0  Cm  1 121.600 179.6 -56.2  124.8   5.8  124.8   5.8    0    .0
I527-8C    520.0  Cm  1 36.4689   2.6   7.0  122.5  -4.0  122.5  -4.0    0    .0
I527-9C    520.0  Cm  1 21.9519  72.9  -5.3  154.4 -13.7  154.4 -13.7    0    .0
I527-10C   520.0  Cm  1 81.3616 345.4  -7.9  112.0 -15.6  112.0 -15.6    0    .0
I531-4B    520.0  Cm  1 92.6972 321.0 -29.2  323.9 -50.6  323.9 -50.6    0    .0
I531-4B    520.0  Cm  1 56.6204 181.0 -63.9  204.5 -31.9  204.5 -31.9    0    .0
I531-5C    520.0  Cm  1 56.8484 180.8 -64.3  340.5 -45.3  340.5 -45.3    0    .0
I531-6B    520.0  Cm  1 111.646  98.4 -54.5  334.5 -53.2  334.5 -53.2    0    .0
I92-2B     470.2  Cm  0 29.7436 199.1 -76.0    0.8 -17.7    0.8 -17.7    0    .0
I92-5B     470.2  Cm  0 14.5670 247.2 -85.0  233.5 -51.8  233.5 -51.8    0    .0
I914-8B    470.2  Cm  0 40.2543 293.5 -84.2   26.4 -44.1   26.4 -44.1    0    .0
I1510-6B   470.2  Cm  0 66.2789 344.7 -80.4  324.2 -53.2  324.2 -53.2    0    .0
I1512-2C   470.2  Cm  1 35.4159  52.2 -72.4  131.9 -74.9  131.9 -74.9    0    .0
I1512-3B   470.2  Cm  0 81.7198  21.4 -77.8  196.1 -78.5  196.1 -78.5    0    .0
I1530-3C   470.2  Cm  0 35.4108 323.8 -78.7  203.1 -56.6  203.1 -56.6    0    .0
I527-1C    470.2  Cm  1 88.1644 150.1 -52.9  125.3  -9.3  125.3  -9.3    0    .0
I1531-7D   470.2  Cm  0 53.4309 357.9 -81.4   16.5 -53.6   16.5 -53.6    0    .0
I527-4C    470.2  Cm  1 149.278 149.5 -35.0  129.2 -22.7  129.2 -22.7    0    .0
I527-6C    470.2  Cm  1 186.660 159.2 -58.1  115.0  -9.6  115.0  -9.6    0    .0
I527-7B    470.2  Cm  0 187.541 177.9 -69.9  124.3  -7.9  124.3  -7.9    0    .0
I527-8C    470.2  Cm  0 98.1890   2.1 -69.5  124.4 -80.4  124.4 -80.4    0    .0
I527-9C    470.2  Cm  0 103.124  52.6 -82.3  243.2 -61.1  243.2 -61.1    0    .0
I527-10C   470.2  Cm  0 141.922 340.4 -55.6  102.3 -63.0  102.3 -63.0    0    .0
I531-4B    470.2  Cm  1 128.849 320.2 -52.2  291.2 -66.8  291.2 -66.8    0    .0
I531-5C    470.2  Cm  0 104.364 182.1 -77.2  340.9 -58.2  340.9 -58.2    0    .0
I531-6B    470.2  Cm  0 183.191  97.6 -70.0  341.0 -68.4  341.0 -68.4    0    .0
I92-2B     520.1  Cm  0 44.5828 199.6 -81.1  359.2 -22.6  359.2 -22.6    0    .0
I92-5B     520.1  Cm  0 23.2460 174.6 -88.4  225.8 -52.4  225.8 -52.4    0    .0
I914-8B    520.1  Cm  0 47.5926 317.1 -84.3   24.5 -46.0   24.5 -46.0    0    .0
I1510-6B   520.1  Cm  0 92.5792  15.1 -83.2  317.2 -50.6  317.2 -50.6    0    .0
I1512-2C   520.1  Cm  0 50.0520  76.3 -81.5  169.7 -73.0  169.7 -73.0    0    .0
I1512-3B   520.1  Cm  0 114.053  14.2 -80.3  208.3 -77.2  208.3 -77.2    0    .0
I1530-3C   520.1  Cm  0 53.5645 345.6 -77.4  197.2 -60.0  197.2 -60.0    0    .0
I527-1C    520.1  Cm  0 101.060 146.5 -63.3  127.7 -19.6  127.7 -19.6    0    .0
I1531-7D   520.1  Cm  0 71.3326 337.3 -86.7   17.9 -48.0   17.9 -48.0    0    .0
I527-4C    520.1  Cm  1 169.868 148.0 -42.0  129.0 -29.8  129.0 -29.8    0    .0
I527-6C    520.1  Cm  0 214.482 161.2 -61.5  116.9 -12.6  116.9 -12.6    0    .0
I527-7B    520.1  Cm  0 220.733 180.3 -71.8  125.1  -9.8  125.1  -9.8    0    .0
I527-8C    520.1  Cm  0 137.717   4.9 -73.9  135.2 -84.8  135.2 -84.8    0    .0
I527-9C    520.1  Cm  0 129.567  47.2 -82.0  243.4 -61.9  243.4 -61.9    0    .0
I527-10C   520.1  Cm  0 191.601 343.0 -65.7  102.3 -73.2  102.3 -73.2    0    .0
I531-4B    520.1  Cm  0 158.116 317.5 -61.4  267.0 -68.7  267.0 -68.7    0    .0
I531-5C    520.1  Cm  0 130.506 185.4 -79.6  342.0 -60.7  342.0 -60.7    0    .0
I531-6B    520.1  Cm  0 225.588  96.0 -73.7  342.9 -72.0  342.9 -72.0    0    .0
I92-2B     535.1  Cm  0 66.6829 216.3 -85.0  359.3 -27.0  359.3 -27.0    0    .0
I92-5B     535.1  Cm  1 35.1497 260.6 -85.1  234.1 -52.9  234.1 -52.9    0    .0
I914-8B    535.1  Cm  0 50.3122 325.2 -87.1   21.3 -44.4   21.3 -44.4    0    .0
I1510-6B   535.1  Cm  0 102.615 355.0 -83.2  320.9 -50.8  320.9 -50.8    0    .0
I1512-2C   535.1  Cm  0 61.0161  72.9 -82.1  171.2 -73.5  171.2 -73.5    0    .0
I1512-3B   535.1  Cm  0 131.775  17.9 -83.1  211.1 -74.4  211.1 -74.4    0    .0
I1530-3C   535.1  Cm  0 67.1171 355.1 -76.3  193.5 -61.7  193.5 -61.7    0    .0
I527-1C    535.1  Cm  1 113.618 144.2 -61.7  126.0 -18.6  126.0 -18.6    0    .0
I1531-7D   535.1  Cm  0 82.1496   5.5 -82.4   14.8 -52.5   14.8 -52.5    0    .0
I527-4C    535.1  Cm  1 188.626 145.4 -52.5  129.0 -40.4  129.0 -40.4    0    .0
I527-6C    535.1  Cm  0 241.836 163.9 -67.3  119.5 -18.0  119.5 -18.0    0    .0
I527-7B    535.1  Cm  0 250.221 174.8 -75.2  123.6 -13.2  123.6 -13.2    0    .0
I527-8C    535.1  Cm  0 199.536  15.2 -79.5  228.4 -87.1  228.4 -87.1    0    .0
I527-9C    535.1  Cm  0 178.499  45.3 -86.8  251.5 -59.2  251.5 -59.2    0    .0
I527-10C   535.1  Cm  0 215.629 341.4 -72.4   94.4 -79.6   94.4 -79.6    0    .0
I531-4B    535.1  Cm  0 232.744 315.4 -71.4  239.8 -67.5  239.8 -67.5    0    .0
I531-5C    535.1  Cm  0 205.971 194.0 -84.2  343.4 -65.3  343.4 -65.3    0    .0
I531-6B    535.1  Cm  0 354.672  82.2 -81.5  347.8 -80.3  347.8 -80.3    0    .0
I92-2B     535.0  Cm  0 18.6682 201.3 -73.4    2.2 -15.4    2.2 -15.4    0    .0
I92-5B     535.0  Cm  0  9.7364 255.9 -84.1  235.4 -52.2  235.4 -52.2    0    .0
I914-8B    535.0  Cm  0 31.5858 294.6 -85.5   24.7 -43.7   24.7 -43.7    0    .0
I1510-6B   535.0  Cm  0 30.5682 353.6 -74.7  323.3 -59.2  323.3 -59.2    0    .0
I1512-2C   535.0  Cm  1 16.4103  37.0 -66.8  101.4 -76.2  101.4 -76.2    0    .0
I1512-3B   535.0  Cm  0 37.4967   8.7 -66.4  108.2 -86.3  108.2 -86.3    0    .0
I1530-3C   535.0  Cm  1 14.4665 318.9 -53.2  254.0 -63.8  254.0 -63.8    0    .0
I527-1C    535.0  Cm  1 62.9301 155.9 -44.7  126.1  -0.3  126.1  -0.3    0    .0
I1531-7D   535.0  Cm  0 33.2118   4.5 -74.7   13.6 -60.2   13.6 -60.2    0    .0
I527-4C    535.0  Cm  1 107.292 151.7 -17.5  129.0  -5.1  129.0  -5.1    0    .0
I527-6C    535.0  Cm  0 129.889 164.4 -48.0  115.6   0.9  115.6   0.9    0    .0
I527-7B    535.0  Cm  0 119.113 178.7 -60.2  124.4   1.8  124.4   1.8    0    .0
I527-8C    535.0  Cm  1 37.8207   8.1 -31.5  129.4 -42.3  129.4 -42.3    0    .0
I527-9C    535.0  Cm  1 27.1267  65.3 -46.6  180.0 -49.9  180.0 -49.9    0    .0
I527-10C   535.0  Cm  1 79.5226 342.1 -25.4  107.7 -32.9  107.7 -32.9    0    .0
I531-4B    535.0  Cm  1 87.1539 319.9 -42.6  308.1 -60.7  308.1 -60.7    0    .0
I531-5C    535.0  Cm  0 51.3262 176.9 -70.3  338.3 -51.3  338.3 -51.3    0    .0
I531-6B    535.0  Cm  1 100.574  95.0 -60.2  333.1 -59.2  333.1 -59.2    0    .0
I92-2B     550.0  Cm  0  7.7478 208.3 -63.7    8.2  -7.3    8.2  -7.3    0    .0
I92-5B     550.0  Cm  0  3.3096 272.7 -85.1  234.3 -53.9  234.3 -53.9    0    .0
I914-8B    550.0  Cm  0 19.4062 307.6 -84.4   25.3 -45.2   25.3 -45.2    0    .0
I1510-6B   550.0  Cm  0 10.6307  14.7 -64.5  303.1 -67.9  303.1 -67.9    0    .0
I1512-2C   550.0  Cm  1  8.2625  41.7 -65.8  103.7 -74.1  103.7 -74.1    0    .0
I1512-3B   550.0  Cm  1 18.7520  12.3 -55.0   68.9 -75.8   68.9 -75.8    0    .0
I1530-3C   550.0  Cm  1  9.1325 326.2 -51.1  260.1 -68.0  260.1 -68.0    0    .0
I527-1C    550.0  Cm  1 37.3604 153.6 -41.0  123.4   2.7  123.4   2.7    0    .0
I1531-7D   550.0  Cm  0 24.6665 348.6 -69.5   25.3 -64.8   25.3 -64.8    0    .0
I527-4C    550.0  Cm  1 60.4778 145.9 -15.4  123.2  -3.7  123.2  -3.7    0    .0
I527-6C    550.0  Cm  1 79.6478 165.9 -46.8  116.4   2.3  116.4   2.3    0    .0
I527-7B    550.0  Cm  0 68.6635 180.7 -60.3  125.3   1.7  125.3   1.7    0    .0
I527-8C    550.0  Cm  1 22.1501   4.9  -8.3  125.2 -19.2  125.2 -19.2    0    .0
I527-9C    550.0  Cm  1 14.9042  52.4  -5.2  135.7 -24.1  135.7 -24.1    0    .0
I527-10C   550.0  Cm  1 42.7753 347.2 -22.4  113.3 -30.2  113.3 -30.2    0    .0
I531-4B    550.0  Cm  1 29.2315 321.0 -31.0  322.4 -52.2  322.4 -52.2    0    .0
I531-5C    550.0  Cm  0 11.8500 177.8 -68.9  338.8 -49.9  338.8 -49.9    0    .0
I531-6B    550.0  Cm  1 25.3244 103.6 -53.6  339.2 -51.8  339.2 -51.8    0    .0
I92-2B     520.2  Cm  0 62.3708 242.8 -83.6    2.5 -27.9    2.5 -27.9    0    .0
I92-5B     520.2  Cm  0 31.4689 273.9 -85.1  234.4 -54.0  234.4 -54.0    0    .0
I914-8B    520.2  Cm  0 41.1880 286.9 -85.3   25.1 -43.2   25.1 -43.2    0    .0
I1510-6B   520.2  Cm  0 82.9088 333.9 -84.3  323.9 -49.1  323.9 -49.1    0    .0
I1512-2C   520.2  Cm  0 50.1359  60.6 -83.3  175.5 -75.1  175.5 -75.1    0    .0
I1512-3B   520.2  Cm  0 107.737 261.5 -80.1  242.5 -64.7  242.5 -64.7    0    .0
I1530-3C   520.2  Cm  0 57.1069 299.2 -79.6  205.9 -52.2  205.9 -52.2    0    .0
I527-1C    520.2  Cm  1 91.6673 145.3 -72.2  131.7 -27.8  131.7 -27.8    0    .0
I1531-7D   520.2  Cm  0 65.3984 322.3 -75.6   31.5 -55.5   31.5 -55.5    0    .0
I527-4C    520.2  Cm  1 154.506 159.6 -67.4  142.9 -54.0  142.9 -54.0    0    .0
I527-6C    520.2  Cm  0 199.683 165.9 -73.9  121.8 -24.3  121.8 -24.3    0    .0
I527-7B    520.2  Cm  0 200.808 170.6 -80.0  123.3 -18.2  123.3 -18.2    0    .0
I527-8C    520.2  Cm  0 171.224 353.8 -83.6  308.5 -85.3  308.5 -85.3    0    .0
I527-9C    520.2  Cm  0 166.226  20.6 -85.4  252.6 -61.3  252.6 -61.3    0    .0
I527-10C   520.2  Cm  0 209.543 329.9 -80.2   43.1 -85.1   43.1 -85.1    0    .0
I531-4B    520.2  Cm  0 181.912 322.5 -81.6  215.8 -64.2  215.8 -64.2    0    .0
I531-5C    520.2  Cm  0 142.899 212.8 -84.9  347.0 -66.5  347.0 -66.5    0    .0
I531-6B    520.2  Cm  0 259.405 117.8 -86.2   24.7 -81.6   24.7 -81.6    0    .0
I92-2B     550.1  Cm  0 208.212  47.2 -88.3  354.5 -32.2  354.5 -32.2    0    .0
I92-5B     550.1  Cm  0 93.6542  91.2 -88.0  222.6 -53.9  222.6 -53.9    0    .0
I914-8B    550.1  Cm  1 58.6244 333.8 -86.7   21.1 -45.0   21.1 -45.0    0    .0
I1510-6B   550.1  Cm  0 232.466 355.7 -87.2  320.3 -46.8  320.3 -46.8    0    .0
I1512-2C   550.1  Cm  1 108.863  96.7 -82.8  176.8 -70.8  176.8 -70.8    0    .0
I1512-3B   550.1  Cm  1 241.506  46.0 -86.1  210.5 -70.5  210.5 -70.5    0    .0
I1530-3C   550.1  Cm  1 118.970  77.6 -88.2  188.3 -48.4  188.3 -48.4    0    .0
I1531-7D   550.1  Cm  2 122.371 354.9 -81.6   17.3 -53.4   17.3 -53.4    0    .0
I527-4C    550.1  Cm  0 299.238 154.0 -75.8  142.5 -62.6  142.5 -62.6    0    .0
I527-6C    550.1  Cm  1 376.584 162.6 -81.6  123.0 -31.9  123.0 -31.9    0    .0
I527-6C    550.1  Cm  1 376.584 162.6 -81.6  123.0 -31.9  123.0 -31.9    0    .0
I527-7B    550.1  Cm  1 373.292 155.8 -83.7  122.2 -22.2  122.2 -22.2    0    .0
I527-8C    550.1  Cm  1 300.174  96.0 -86.7  283.6 -78.2  283.6 -78.2    0    .0
I527-9C    550.1  Cm  0 280.727  13.5 -88.6  255.4 -58.4  255.4 -58.4    0    .0
I527-10C   550.1  Cm  0 326.741 326.1 -86.2  330.9 -84.7  330.9 -84.7    0    .0
I531-4B    550.1  Cm  1 656.733 254.6 -85.1  212.5 -56.4  212.5 -56.4    0    .0
I531-5C    550.1  Cm  0 480.289 225.5 -86.3  347.1 -68.3  347.1 -68.3    0    .0
I531-6B    550.1  Cm  1 868.444  18.6 -87.9   38.2 -86.0   38.2 -86.0    0    .0
I527-1C    550.1  Cm  1 175.769 148.8 -80.6  137.1 -34.8  137.1 -34.8    0    .0
I92-2B     555.1  Cm  1 285.660 127.9 -85.1  351.6 -27.9  351.6 -27.9    0    .0
I92-5B     555.1  Cm  1 144.033 171.9 -84.7  224.9 -48.8  224.9 -48.8    0    .0
I914-8B    555.1  Cm  0 64.3843 314.4 -88.1   20.9 -43.3   20.9 -43.3    0    .0
I1510-6B   555.1  Cm  0 339.074 260.9 -88.0  322.7 -43.7  322.7 -43.7    0    .0
I1512-2C   555.1  Cm  1 164.235 129.6 -83.5  185.4 -68.3  185.4 -68.3    0    .0
I1512-3B   555.1  Cm  0 357.575 281.5 -88.1  223.9 -68.3  223.9 -68.3    0    .0
I1530-3C   555.1  Cm  1 145.261 273.5 -84.9  198.6 -48.1  198.6 -48.1    0    .0
I1531-7D   555.1  Cm  1 143.099 343.2 -84.8   18.4 -50.0   18.4 -50.0    0    .0I527-4C    555.1  Cm  1 343.709 132.8 -75.9  131.7 -64.3  131.7 -64.3    0    .0I527-6C    555.1  Cm  1 403.406 151.8 -82.5  121.7 -33.3  121.7 -33.3    0    .0I527-7B    555.1  Cm  1 406.102 155.5 -84.5  122.5 -23.0  122.5 -23.0    0    .0I527-8C    555.1  Cm  1 335.993  63.2 -88.4  292.3 -79.6  292.3 -79.6    0    .0I527-9C    555.1  Cm  0 307.685  17.5 -87.3  254.4 -59.5  254.4 -59.5    0    .0I527-10C   555.1  Cm  0 352.398 321.0 -83.6    0.0 -85.0    0.0 -85.0    0    .0I531-4B    555.1  Cm  1 688.757 247.5 -85.5  211.4 -56.0  211.4 -56.0    0    .0I531-5C    555.1  Cm  1 499.270 282.0 -87.2  348.8 -71.4  348.8 -71.4    0    .0I531-6B    555.1  Cm  1 893.203 348.0 -88.3   52.5 -85.6   52.5 -85.6    0    .0I527-1C    555.1  Cm  1 191.845 182.1 -85.1  143.2 -38.1  143.2 -38.1    0    .0I92-2B     555.0  Cm  1 11.7885 181.5 -83.9  356.2 -24.9  356.2 -24.9    0    .0I92-5B     555.0  Cm  1  6.9968  92.7 -89.5  225.2 -54.0  225.2 -54.0    0    .0I914-8B    555.0  Cm  1 11.9525 296.4 -84.0   26.5 -44.4   26.5 -44.4    0    .0I1510-6B   555.0  Cm  0  8.5305  24.3 -81.6  314.5 -51.5  314.5 -51.5    0    .0I1512-2C   555.0  Cm  1  8.2919  35.4 -73.8  130.6 -80.0  130.6 -80.0    0    .0I1512-3B   555.0  Cm  0 14.5318   8.3 -68.6  144.2 -86.9  144.2 -86.9    0    .0I1530-3C   555.0  Cm  2 10.3588 328.2 -68.8  216.7 -63.9  216.7 -63.9    0    .0I1531-7D   555.0  Cm  0 26.6604 352.9 -72.0   20.8 -62.7   20.8 -62.7    0    .0I527-1C    555.0  Cm  1 28.4326 156.9 -45.5  127.0  -0.8  127.0  -0.8    0    .0I527-4C    555.0  Cm  1 46.0184 148.8 -24.9  127.2 -12.7  127.2 -12.7    0    .0I527-6C    555.0  Cm  1 63.7733 160.4 -51.6  113.9  -3.2  113.9  -3.2    0    .0I527-7B    555.0  Cm  1 56.0863 176.9 -63.8  123.6  -1.9  123.6  -1.9    0    .0I527-8C    555.0  Cm  1 20.4684 356.3 -24.1  115.9 -35.1  115.9 -35.1    0    .0I527-9C    555.0  Cm  1 12.6261  48.3  -3.3  130.8 -24.2  130.8 -24.2    0    .0I527-10C   555.0  Cm  1 43.1071 340.3 -38.6  104.7 -46.1  104.7 -46.1    0    .0I531-4B    555.0  Cm  1 21.4070 320.1 -46.3  302.6 -63.4  302.6 -63.4    0    .0I531-5C    555.0  Cm  1  8.4926 167.6 -77.7  334.9 -58.9  334.9 -58.9    0    .0I531-6B    555.0  Cm  1 20.7465 101.0 -65.4  341.1 -63.6  341.1 -63.6    0    .0I92-2B     560.0  Cm  1 10.4107 191.9 -82.2  357.7 -23.4  357.7 -23.4    0    .0I92-5B     560.0  Cm  0  6.1442 280.1 -89.0  227.6 -54.2  227.6 -54.2    0    .0I914-8B    560.0  Cm  0 11.5930 285.7 -84.5   26.3 -43.3   26.3 -43.3    0    .0I1510-6B   560.0  Cm  0  7.3637 343.8 -75.8  327.3 -57.4  327.3 -57.4    0    .0I1512-2C   560.0  Cm  1  6.5566  58.2 -75.1  144.1 -74.5  144.1 -74.5    0    .0I1512-3B   560.0  Cm  1 11.2861  11.3 -67.0  121.8 -85.6  121.8 -85.6    0    .0I1530-3C   560.0  Cm  1  8.5479 320.8 -66.3  224.6 -62.7  224.6 -62.7    0    .0I1531-7D   560.0  Cm  1 22.5234 353.8 -68.2   21.8 -66.6   21.8 -66.6    0    .0I527-1C    560.0  Cm  1 22.2359 158.9 -42.9  127.7   2.1  127.7   2.1    0    .0I527-4C    560.0  Cm  1 35.9382 151.3 -17.0  128.5  -4.7  128.5  -4.7    0    .0I527-6C    560.0  Cm  1 47.0406 160.2 -48.9  113.1  -0.6  113.1  -0.6    0    .0I527-7B    560.0  Cm  1 38.1740 180.6 -62.4  125.3  -0.4  125.3  -0.4    0    .0I527-8C    560.0  Cm  1 13.6237 353.3  -3.8  113.1 -14.7  113.1 -14.7    0    .0I527-9C    560.0  Cm  1  8.7072  46.6   3.1  126.2 -19.2  126.2 -19.2    0    .0I527-10C   560.0  Cm  1 26.2342 338.2 -11.2  104.4 -18.6  104.4 -18.6    0    .0I531-5C    560.0  Cm  1  2.1997 156.5 -79.9  331.6 -61.5  331.6 -61.5    0    .0I531-4B    560.0  Cm  1  3.3056 317.4 -45.2  301.6 -61.3  301.6 -61.3    0    .0I531-6B    560.0  Cm  1  5.8939 155.8 -62.7   27.7 -57.1   27.7 -57.1    0    .0