India_PINT.dat                                     AzFile = India_PINTorientaitionfile.az
LAT:  0.00  LON:   0.00 REC:   0 SAM:   0
!
!   ID     TREAT  IC CD    J    CDECL CINCL  GDECL GINCL  BDCEL BINCL  SUSC  V/M
!_______________________________________________________________________________
I527-1C      0.0  Cm  1 55.4803 170.5 -26.0  133.8  20.5  133.8  20.5    0    .0
I527-1C    100.0  Cm  0 60.8457 166.7 -25.4  130.2  20.6  130.2  20.6    0    .0
I527-1C    100.1  Cm  0 62.5686 169.2 -30.4  133.3  15.9  133.3  15.9    0    .0
I527-1C    150.1  Cm  0 66.8972 165.6 -32.9  130.7  13.0  130.7  13.0    0    .0
I527-1C    150.0  Cm  0 65.1965 167.3 -29.2  131.4  16.8  131.4  16.8    0    .0
I527-1C    200.0  Cm  1 65.8885 163.2 -27.3  127.3  18.0  127.3  18.0    0    .0
I527-1C    100.2  Cm  0 68.8229 160.1 -32.1  125.8  12.7  125.8  12.7    0    .0
I527-1C    200.1  Cm  0 70.1046 165.0 -38.7  131.2   7.2  131.2   7.2    0    .0
I527-1C    200.1  Cm  0 69.4851 162.6 -32.2  127.9  13.2  127.9  13.2    0    .0
I527-1C    100.2  Cm  1 71.4410 164.9 -36.4  130.7   9.4  130.7   9.4    0    .0
I527-1C    200.1  Cm  1 70.7357 163.2 -37.0  129.5   8.5  129.5   8.5    0    .0
I527-1C    250.1  Cm  1 73.4892 160.9 -37.7  127.8   7.4  127.8   7.4    0    .0
I527-1C    250.0  Cm  1 71.6082 163.3 -35.3  129.2  10.2  129.2  10.2    0    .0
I527-1C    300.0  Cm  1 69.7183 167.3 -31.2  131.8  14.9  131.8  14.9    0    .0
I527-1C    200.2  Cm  1 73.4243 158.1 -37.1  125.5   7.5  125.5   7.5    0    .0
I527-1C    300.1  Cm  1 75.9500 157.5 -41.9  126.4   2.7  126.4   2.7    0    .0
I527-1C    350.1  Cm  1 84.4280 162.9 -47.5  131.5  -1.7  131.5  -1.7    0    .0
I527-1C    350.0  Cm  1 73.5723 160.0 -33.8  126.2  11.0  126.2  11.0    0    .0
I527-1C    400.0  Cm  1 71.3183 158.2 -35.9  125.3   8.6  125.3   8.6    0    .0
I527-1C    300.2  Cm  1 79.1238 159.2 -44.0  128.2   1.1  128.2   1.1    0    .0
I527-1C    400.1  Cm  1 87.3808 157.5 -52.3  129.3  -7.3  129.3  -7.3    0    .0
I527-1C    435.1  Cm  1 88.7312 164.3 -52.2  133.4  -6.1  133.4  -6.1    0    .0
I527-1C    435.0  Cm  1 73.6842 160.4 -34.7  126.7  10.2  126.7  10.2    0    .0
I527-1C    470.0  Cm  1 70.9265 159.2 -37.1  126.4   7.7  126.4   7.7    0    .0
I527-1C    400.2  Cm  1 87.5237 153.1 -49.9  125.9  -5.8  125.9  -5.8    0    .0
I527-1C    470.1  Cm  1 89.9375 157.5 -48.1  128.2  -3.2  128.2  -3.2    0    .0
I527-1C    505.1  Cm  1 95.8120 158.2 -55.1  130.6  -9.8  130.6  -9.8    0    .0
I527-1C    505.0  Cm  1 72.4591 153.9 -41.0  123.6   2.8  123.6   2.8    0    .0
I527-1C    520.0  Cm  1 67.3973 157.1 -38.7  125.2   5.7  125.2   5.7    0    .0
I527-1C    470.2  Cm  1 88.1644 150.1 -52.9  125.3  -9.3  125.3  -9.3    0    .0
I527-1C    520.1  Cm  0 101.060 146.5 -63.3  127.7 -19.6  127.7 -19.6    0    .0
I527-1C    535.1  Cm  1 113.618 144.2 -61.7  126.0 -18.6  126.0 -18.6    0    .0
I527-1C    535.0  Cm  1 62.9301 155.9 -44.7  126.1  -0.3  126.1  -0.3    0    .0
I527-1C    550.0  Cm  1 37.3604 153.6 -41.0  123.4   2.7  123.4   2.7    0    .0
I527-1C    520.2  Cm  1 91.6673 145.3 -72.2  131.7 -27.8  131.7 -27.8    0    .0
I527-1C    550.1  Cm  1 175.769 148.8 -80.6  137.1 -34.8  137.1 -34.8    0    .0
I527-1C    555.1  Cm  1 191.845 182.1 -85.1  143.2 -38.1  143.2 -38.1    0    .0
I527-1C    555.0  Cm  1 28.4326 156.9 -45.5  127.0  -0.8  127.0  -0.8    0    .0
I527-1C    560.0  Cm  1 22.2359 158.9 -42.9  127.7   2.1  127.7   2.1    0    .0
