India_PINT.dat                                     AzFile = India_PINTorientaitionfile.az
LAT:  0.00  LON:   0.00 REC:   0 SAM:   0
!
!   ID     TREAT  IC CD    J    CDECL CINCL  GDECL GINCL  BDCEL BINCL  SUSC  V/M
!_______________________________________________________________________________
I527-9C      0.0  Cm  1 119.470 170.5  38.5  233.2  70.5  233.2  70.5    0    .0
I527-9C    100.0  Cm  1 116.023 167.4  30.3  232.4  61.9  232.4  61.9    0    .0
I527-9C    100.1  Cm  1 113.147 170.1  28.6  238.1  60.8  238.1  60.8    0    .0
I527-9C    150.1  Cm  1 107.604 166.7  23.6  234.4  55.3  234.4  55.3    0    .0
I527-9C    150.0  Cm  1 109.478 167.1  25.5  234.2  57.2  234.2  57.2    0    .0
I527-9C    200.0  Cm  1 105.496 165.9  26.7  231.6  58.0  231.6  58.0    0    .0
I527-9C    100.2  Cm  1 100.092 167.3  22.1  235.8  53.9  235.8  53.9    0    .0
I527-9C    200.1  Cm  1 96.9584 163.7  19.6  231.3  50.7  231.3  50.7    0    .0
I527-9C    200.1  Cm  1 96.9786 164.3  22.7  230.9  53.8  230.9  53.8    0    .0
I527-9C    100.2  Cm  1 95.2347 164.2  19.1  232.2  50.3  232.2  50.3    0    .0
I527-9C    200.1  Cm  1 93.3136 164.1  20.6  231.5  51.8  231.5  51.8    0    .0
I527-9C    250.1  Cm  1 76.1061 161.7  12.1  231.2  42.9  231.2  42.9    0    .0
I527-9C    250.0  Cm  1 82.5177 159.6  21.2  224.8  51.2  224.8  51.2    0    .0
I527-9C    300.0  Cm  1 72.2871 154.4  26.4  214.3  54.4  214.3  54.4    0    .0
I527-9C    200.2  Cm  1 62.4995 149.8  14.2  215.4  41.5  215.4  41.5    0    .0
I527-9C    300.1  Cm  1 61.5232 152.0   5.8  221.5  34.3  221.5  34.3    0    .0
I527-9C    350.1  Cm  0 127.398 148.6 -66.7  241.2 -35.9  241.2 -35.9    0    .0
I527-9C    350.0  Cm  1 51.9092 147.7   4.6  217.2  31.7  217.2  31.7    0    .0
I527-9C    400.0  Cm  1 46.7400 141.6  21.5  201.5  44.8  201.5  44.8    0    .0
I527-9C    300.2  Cm  1 42.9046 143.5 -17.2  220.8   9.8  220.8   9.8    0    .0
I527-9C    400.1  Cm  0 118.632 145.9 -77.2  245.7 -45.8  245.7 -45.8    0    .0
I527-9C    435.1  Cm  0 114.651 130.2 -77.9  242.1 -48.3  242.1 -48.3    0    .0
I527-9C    435.0  Cm  1 30.5174 129.8 -10.7  205.8  10.8  205.8  10.8    0    .0
I527-9C    470.0  Cm  1 27.5085 115.3  16.5  178.4  27.5  178.4  27.5    0    .0
I527-9C    400.2  Cm  0 107.025 130.1 -80.0  244.1 -49.9  244.1 -49.9    0    .0
I527-9C    470.1  Cm  0 101.769 104.1 -80.7  240.7 -53.7  240.7 -53.7    0    .0
I527-9C    505.1  Cm  1 114.960  73.5 -82.1  241.3 -58.4  241.3 -58.4    0    .0
I527-9C    505.0  Cm  1 24.6049  80.9 -28.3  175.3 -28.3  175.3 -28.3    0    .0
I527-9C    520.0  Cm  1 21.9519  72.9  -5.3  154.4 -13.7  154.4 -13.7    0    .0
I527-9C    470.2  Cm  0 103.124  52.6 -82.3  243.2 -61.1  243.2 -61.1    0    .0
I527-9C    520.1  Cm  0 129.567  47.2 -82.0  243.4 -61.9  243.4 -61.9    0    .0
I527-9C    535.1  Cm  0 178.499  45.3 -86.8  251.5 -59.2  251.5 -59.2    0    .0
I527-9C    535.0  Cm  1 27.1267  65.3 -46.6  180.0 -49.9  180.0 -49.9    0    .0
I527-9C    550.0  Cm  1 14.9042  52.4  -5.2  135.7 -24.1  135.7 -24.1    0    .0
I527-9C    520.2  Cm  0 166.226  20.6 -85.4  252.6 -61.3  252.6 -61.3    0    .0
I527-9C    550.1  Cm  0 280.727  13.5 -88.6  255.4 -58.4  255.4 -58.4    0    .0
I527-9C    555.1  Cm  0 307.685  17.5 -87.3  254.4 -59.5  254.4 -59.5    0    .0
I527-9C    555.0  Cm  1 12.6261  48.3  -3.3  130.8 -24.2  130.8 -24.2    0    .0
I527-9C    560.0  Cm  1  8.7072  46.6   3.1  126.2 -19.2  126.2 -19.2    0    .0
