India_PINT.dat                                     AzFile = India_PINTorientaitionfile.az
LAT:  0.00  LON:   0.00 REC:   0 SAM:   0
!
!   ID     TREAT  IC CD    J    CDECL CINCL  GDECL GINCL  BDCEL BINCL  SUSC  V/M
!_______________________________________________________________________________
I527-8C      0.0  Cm  2 119.639 136.0  63.1  235.4  69.6  235.4  69.6    0    .0
I527-8C    100.0  Cm  1 112.815 127.0  56.2  231.0  61.6  231.0  61.6    0    .0
I527-8C    100.1  Cm  1 106.903 127.6  55.8  231.8  61.3  231.8  61.3    0    .0
I527-8C    150.1  Cm  1 96.7986 126.9  50.9  233.9  56.5  233.9  56.5    0    .0
I527-8C    150.0  Cm  2 102.498 128.7  53.5  234.5  59.3  234.5  59.3    0    .0
I527-8C    200.0  Cm  2 103.076 127.3  53.5  233.0  59.1  233.0  59.1    0    .0
I527-8C    100.2  Cm  1 92.8613 123.3  50.4  230.2  55.3  230.2  55.3    0    .0
I527-8C    200.1  Cm  2 88.6405 128.7  48.1  237.2  54.1  237.2  54.1    0    .0
I527-8C    200.1  Cm  1 91.6611 120.1  52.5  225.7  56.8  225.7  56.8    0    .0
I527-8C    100.2  Cm  1 86.5251 121.3  48.2  229.2  52.9  229.2  52.9    0    .0
I527-8C    200.1  Cm  1 85.4812 116.2  47.4  224.1  51.2  224.1  51.2    0    .0
I527-8C    250.1  Cm  1 71.3531 110.9  41.4  221.0  44.5  221.0  44.5    0    .0
I527-8C    250.0  Cm  1 83.8834 113.0  48.5  220.3  51.7  220.3  51.7    0    .0
I527-8C    300.0  Cm  1 79.9987 103.8  51.5  209.6  52.8  209.6  52.8    0    .0
I527-8C    200.2  Cm  1 65.1532 100.5  42.4  210.3  43.4  210.3  43.4    0    .0
I527-8C    300.1  Cm  1 56.8956 106.3  35.0  218.4  37.4  218.4  37.4    0    .0
I527-8C    350.1  Cm  1 68.3549  99.3 -56.2  234.2 -53.0  234.2 -53.0    0    .0
I527-8C    350.0  Cm  1 51.0448  92.9  41.6  203.2  41.2  203.2  41.2    0    .0
I527-8C    400.0  Cm  1 54.0508  80.6  50.2  188.5  47.3  188.5  47.3    0    .0
I527-8C    300.2  Cm  1 31.8764  77.3  10.3  195.6   7.7  195.6   7.7    0    .0
I527-8C    400.1  Cm  1 73.8303  69.4 -68.3  218.1 -69.5  218.1 -69.5    0    .0
I527-8C    435.1  Cm  1 79.4977  65.4 -70.1  217.4 -71.8  217.4 -71.8    0    .0
I527-8C    435.0  Cm  1 35.1476  54.4  28.9  170.2  22.1  170.2  22.1    0    .0
I527-8C    470.0  Cm  1 39.8060  39.6  40.1  154.8  31.4  154.8  31.4    0    .0
I527-8C    400.2  Cm  1 73.5803  23.5 -76.6  196.0 -84.5  196.0 -84.5    0    .0
I527-8C    470.1  Cm  1 79.9635  13.4 -74.3  160.0 -84.4  160.0 -84.4    0    .0
I527-8C    505.1  Cm  0 111.574 353.2 -77.4   75.9 -87.9   75.9 -87.9    0    .0
I527-8C    505.0  Cm  1 35.6853   8.9  -7.6  129.3 -18.5  129.3 -18.5    0    .0
I527-8C    520.0  Cm  1 36.4689   2.6   7.0  122.5  -4.0  122.5  -4.0    0    .0
I527-8C    470.2  Cm  0 98.1890   2.1 -69.5  124.4 -80.4  124.4 -80.4    0    .0
I527-8C    520.1  Cm  0 137.717   4.9 -73.9  135.2 -84.8  135.2 -84.8    0    .0
I527-8C    535.1  Cm  0 199.536  15.2 -79.5  228.4 -87.1  228.4 -87.1    0    .0
I527-8C    535.0  Cm  1 37.8207   8.1 -31.5  129.4 -42.3  129.4 -42.3    0    .0
I527-8C    550.0  Cm  1 22.1501   4.9  -8.3  125.2 -19.2  125.2 -19.2    0    .0
I527-8C    520.2  Cm  0 171.224 353.8 -83.6  308.5 -85.3  308.5 -85.3    0    .0
I527-8C    550.1  Cm  1 300.174  96.0 -86.7  283.6 -78.2  283.6 -78.2    0    .0
I527-8C    555.1  Cm  1 335.993  63.2 -88.4  292.3 -79.6  292.3 -79.6    0    .0
I527-8C    555.0  Cm  1 20.4684 356.3 -24.1  115.9 -35.1  115.9 -35.1    0    .0
I527-8C    560.0  Cm  1 13.6237 353.3  -3.8  113.1 -14.7  113.1 -14.7    0    .0
