India_PINT.dat                                     AzFile = India_PINTorientaitionfile.az
LAT:  0.00  LON:   0.00 REC:   0 SAM:   0
!
!   ID     TREAT  IC CD    J    CDECL CINCL  GDECL GINCL  BDCEL BINCL  SUSC  V/M
!_______________________________________________________________________________
I914-8B      0.0  Cm  1 12.5161 319.4  31.1  164.8  -7.9  164.8  -7.9    0    .0
I914-8B    100.0  Cm  2 11.0042 323.1  19.4  162.0 -19.8  162.0 -19.8    0    .0
I914-8B    100.1  Cm  2 10.6014 319.8  16.3  157.4 -20.9  157.4 -20.9    0    .0
I914-8B    150.1  Cm  2  9.5440 321.4  -2.8  146.9 -37.8  146.9 -37.8    0    .0
I914-8B    150.0  Cm  2  9.4269 318.3  -0.7  145.4 -34.3  145.4 -34.3    0    .0
I914-8B    200.0  Cm  2 10.4162 319.9 -30.4  115.7 -56.0  115.7 -56.0    0    .0
I914-8B    100.2  Cm  1 10.3620 319.0 -32.1  112.4 -56.1  112.4 -56.1    0    .0
I914-8B    200.1  Cm  1 10.7599 319.1 -36.4  105.4 -58.1  105.4 -58.1    0    .0
I914-8B    200.1  Cm  1 11.2231 320.6 -40.1   99.2 -60.5   99.2 -60.5    0    .0
I914-8B    100.2  Cm  1 11.3659 318.6 -39.3   99.8 -58.8   99.8 -58.8    0    .0
I914-8B    200.1  Cm  1 11.7729 318.7 -43.3   92.3 -59.9   92.3 -59.9    0    .0
I914-8B    250.1  Cm  1 18.2453 320.1 -62.3   54.4 -59.0   54.4 -59.0    0    .0
I914-8B    250.0  Cm  1 19.8203 317.8 -64.6   51.1 -57.2   51.1 -57.2    0    .0
I914-8B    300.0  Cm  1 29.8083 318.8 -73.1   37.7 -53.4   37.7 -53.4    0    .0
I914-8B    200.2  Cm  1 30.0877 322.8 -74.1   35.2 -53.6   35.2 -53.6    0    .0
I914-8B    300.1  Cm  0 34.0181 320.8 -75.3   34.3 -52.5   34.3 -52.5    0    .0
I914-8B    350.1  Cm  1 22.2498 323.2 -64.5   49.4 -59.4   49.4 -59.4    0    .0
I914-8B    350.0  Cm  1 20.6451 323.4 -63.6   50.9 -59.8   50.9 -59.8    0    .0
I914-8B    400.0  Cm  1 25.6771 325.8 -69.2   40.8 -57.5   40.8 -57.5    0    .0
I914-8B    300.2  Cm  1 26.5700 323.9 -70.1   40.2 -56.4   40.2 -56.4    0    .0
I914-8B    400.1  Cm  0 30.8135 323.0 -73.3   36.2 -54.2   36.2 -54.2    0    .0
I914-8B    435.1  Cm  0 34.9589 324.7 -75.9   32.5 -52.8   32.5 -52.8    0    .0
I914-8B    435.0  Cm  0 32.9603 325.2 -76.4   31.7 -52.5   31.7 -52.5    0    .0
I914-8B    470.0  Cm  1 34.2900 320.8 -76.6   32.7 -51.7   32.7 -51.7    0    .0
I914-8B    400.2  Cm  0 39.4090 325.7 -79.6   28.2 -50.3   28.2 -50.3    0    .0
I914-8B    470.1  Cm  0 41.0833 324.3 -79.6   28.5 -50.1   28.5 -50.1    0    .0
I914-8B    505.1  Cm  0 42.5722 322.2 -82.5   25.8 -47.7   25.8 -47.7    0    .0
I914-8B    505.0  Cm  0 36.5861 318.4 -82.3   26.6 -47.5   26.6 -47.5    0    .0
I914-8B    520.0  Cm  0 34.6127 301.4 -83.6   26.8 -45.1   26.8 -45.1    0    .0
I914-8B    470.2  Cm  0 40.2543 293.5 -84.2   26.4 -44.1   26.4 -44.1    0    .0
I914-8B    520.1  Cm  0 47.5926 317.1 -84.3   24.5 -46.0   24.5 -46.0    0    .0
I914-8B    535.1  Cm  0 50.3122 325.2 -87.1   21.3 -44.4   21.3 -44.4    0    .0
I914-8B    535.0  Cm  0 31.5858 294.6 -85.5   24.7 -43.7   24.7 -43.7    0    .0
I914-8B    550.0  Cm  0 19.4062 307.6 -84.4   25.3 -45.2   25.3 -45.2    0    .0
I914-8B    520.2  Cm  0 41.1880 286.9 -85.3   25.1 -43.2   25.1 -43.2    0    .0
I914-8B    550.1  Cm  1 58.6244 333.8 -86.7   21.1 -45.0   21.1 -45.0    0    .0
I914-8B    555.1  Cm  0 64.3843 314.4 -88.1   20.9 -43.3   20.9 -43.3    0    .0
I914-8B    555.0  Cm  1 11.9525 296.4 -84.0   26.5 -44.4   26.5 -44.4    0    .0
I914-8B    560.0  Cm  0 11.5930 285.7 -84.5   26.3 -43.3   26.3 -43.3    0    .0
